# Created by Octave 2.1.35, Sun Apr 20 00:24:47 2003 UTC <kschef@localhost.localdomain>
# name: Atest
# type: matrix
# rows: 2
# columns: 2000
 1.14688792098794 -0.135525065287822 1.31466420775739 0.533048435640873 -0.692133711773355 0.510684171236537 -1.90837488255054 -0.227438327357988 -0.452084586281746 -1.8394306907382 0.0387511715361461 -1.08510047906716 -0.200321007549761 1.4467408571414 -0.927128705407625 -1.06250558265898 0.803255918752983 -0.665722172358794 -0.387534988724222 1.72106097529171 -0.0911897757318612 0.832689329265295 0.500419030260665 0.467661067706363 0.587737247462835 -2.06593985535825 -0.152805803375028 0.086088668342357 -2.2757332511362 1.93073275726468 0.291315127292174 -1.40101704455282 2.30738849264173 -0.869498294149107 -0.0745903218698012 -0.6901387854647 0.374165801276396 -0.300589319676184 0.350241615465369 0.223141804952223 -1.51462558554217 0.354834048029158 0.751857213076719 0.495023511769328 -0.0317730361040892 -0.109141043125945 0.76169529090883 -0.463563038010917 -0.912748877247471 -0.289515882889851 0.615627406426714 -0.102831513261072 1.23212520552043 -0.701189429528684 0.587182842882496 0.889789231311477 0.231026449408618 -0.0440651225220375 -1.18241550795403 0.339677646325826 1.28745528589705 -0.926391605636436 0.464251385765276 1.16097315898415 0.658631095853917 -1.49631446750056 -0.466106563517664 -2.80244789222859 -1.75381900146018 -1.69035706959731 1.61690846662002 -0.695697443679088 -0.313735750319097 0.847752373636571 -1.49060973700995 -0.298781668778788 -0.04669938068721 -0.510332219937767 1.10922607382709 1.23380265941173 -1.06684491740274 0.212165433968586 0.149653718189602 -0.927438746747214 0.242882962520192 -0.750497820622883 -0.0554632790292103 -0.269460563197573 -0.475504116004043 -0.0842074087793024 -1.04126621473269 -1.24217024145995 -2.07546559231625 0.667198907043745 0.105521203225683 -0.0299369331790868 1.44142242960264 0.119848155933696 0.229860151884773 -0.0358717066534195 0.0585395520247289 -0.240935270912552 -0.250538207202824 1.55271332251871 2.02352241529485 0.40033371254731 -0.603168264479993 0.369142329094053 -1.47340516040158 0.494960934272372 -0.0521944671386889 -0.349999017517902 -1.41571891121426 -0.36121765011852 1.04720934286832 0.303851407313079 -0.6293045288782 0.282170698395451 -0.620507197754505 0.246817400125138 -0.0916132293603616 -1.20300135570729 -0.278122956881295 -0.427761756958459 -0.204123714340237 -0.983818149965111 0.742489814149802 0.900283072305216 0.851696358079532 -2.05574273913735 1.15388071595261 0.217693719949794 -0.0608239510905777 -0.21020231710219 -2.41055458346428 1.58264815407403 -0.873320794371508 1.10059249029521 0.428966357282305 1.14348932204933 -0.0166002455050937 0.519760622499894 1.84530634544169 1.15407896598664 0.316895121094319 0.730875722868682 -0.18078616252315 -4.22983130542144 1.52423413401609 0.993375109701332 0.343932840724283 0.157118863109526 -0.240853378268003 0.579887220896604 -0.637863895875668 -1.26037984659699 -1.01547658160358 0.90746977740371 2.26270420159973 2.65527568456299 -0.209607618833863 0.60997245520402 -0.617264401704398 0.0546125690583507 0.0778073282632189 -0.812162487191018 -0.195108785049791 0.908175953618892 -1.46280406709129 -0.0495588495150922 0.0378380254331578 0.142769456660241 0.450211210163903 0.39385226243654 -0.360641786357372 -0.786080648251384 -0.438668951063777 1.35832558290787 -2.52758935550384 -0.49919477315756 1.07960454442671 -0.5833923877104 -0.743252458545314 0.322599512309337 1.44517229186453 0.518407372347811 2.06255233942211 0.893343020557678 0.254204381486858 0.450051043814389 -0.797154320645763 -0.410647815231174 0.139277142265342 -0.593580317573593 0.231406768210609 0.474966217681626 -0.671114967221121 -2.24178678735582 -0.410919563195084 -1.19531587780023 -0.458999418544066 0.268431361283399 0.224385862850004 -0.511205015806837 -0.40769341049733 0.608128831670196 -0.403543089952206 -0.317738484806311 0.560202290010717 -0.347578328621897 -1.01725746271481 0.280417911187594 0.934204241205803 0.435293879944613 -0.777839964696624 0.487358861613509 0.10807533315606 1.46319157164416 0.119807869313949 -1.67201486543014 -1.13287196118152 1.72424684608188 0.084340536749484 -0.324482586054344 0.775837626158849 -0.799532576532724 1.06524053970291 0.606680925985725 0.184485510420027 -0.74959206790037 -0.567840656910991 -1.77152370208927 -0.718259383233824 1.30102587581456 -1.70578849186031 -0.277835623445157 -0.257599286091314 -3.06070446822167 0.778074649158854 -1.0211835880679 -0.127072230824329 -0.0594291514596231 -0.00344397704822904 0.137487633187471 -1.07825335113287 0.424759066711714 0.351200255714935 0.652236104471622 -0.359529113224744 -0.725652879158009 1.09402724382688 -0.0450005568516455 -0.712382168805073 -0.119011019342353 -1.05865314607828 0.281512937277594 -0.00745948266956365 1.352939243706 0.514545768258054 1.51380611248601 0.376223931799409 -1.1396019259468 -1.20863106859613 -0.530273189621112 0.242385198114056 0.051087882117963 -0.666209197750203 -0.663134885013626 -0.488348135032165 0.210664408094116 -1.67859975689733 0.986889234871462 2.02928005392822 -2.21810564596951 0.694611715860614 2.29300686443611 0.955861295075636 -1.50605224227542 1.32073978531203 -0.106616091190467 1.57124415448732 -0.929390278766 -0.0633913554727632 -0.960652563748471 -0.321755399363759 -0.0150968706184073 2.40229941472686 0.199700154432273 -1.0602974075081 -0.492253986312918 -0.462861863754547 -0.787281042971614 0.550556939560045 0.155572725362532 -1.13958946699334 0.576157743442833 1.34449273296245 -0.848066467434547 -0.179709226418904 -0.564720329923074 -0.379944361904223 -0.0448858136717854 0.480218316843342 -1.33023245232472 -1.16152882406753 -0.222379794342354 -1.0062322973049 -0.87785538221496 1.46141823941471 0.0559068017510492 -0.168814818762229 -0.44019562523011 0.398450916819797 1.43004798233311 1.20064785751378 -0.673258180521623 -1.30978201322753 1.19290023562856 1.41903171112692 -0.658034866133293 0.560299380552258 0.355973952739716 0.321953246508033 1.07750970617017 0.888241974426266 -0.615765830865764 -0.275901630089298 0.499561878765834 -0.581534392085784 0.710592307493173 -0.877318601116444 -0.407130586463475 0.0303461183843354 -0.646355671636965 -1.02794791391059 0.837607289096501 1.24026130855388 -0.393863875557116 -0.744810996343757 0.733117241270201 -1.78620651748412 0.539674403014757 0.0598518128560695 -0.498589637452806 -0.917452966231211 1.66312598173202 1.01558234134316 -1.56092987980959 0.335385960953241 -0.0821206754395323 0.270114212955031 -0.434846088004985 -0.46852504712236 -0.121214663750514 1.59405414690481 -1.90015204866133 -0.103043092820294 0.262534520704435 -1.04357117295661 1.1207475528866 -0.106906512270044 0.684979294401454 -1.36706030826165 0.209098521680726 0.0228922290497783 -0.129396778090197 -0.751794729822981 -0.298375136520135 0.772284515463819 0.0566835260833762 -0.338044684657886 0.65013402362375 0.00628892535225051 0.640883175284915 1.13876610169227 -0.00402799755992124 -0.93414471718912 -1.03040758651384 0.194217069854646 -1.32563949494401 0.000995641904133936 -0.934344465690323 0.90406424687639 0.589184173017835 -0.316191763929404 0.0342637429991354 -0.712496014612789 1.27921688302817 -0.411526041865699 0.784914793670665 1.93456930443877 0.382069320293338 0.751626307767543 -0.755845765137617 1.38854964690018 0.550300066710105 0.61397594481502 0.55150002791153 -1.51488912727784 0.539354654623683 0.645413517471382 -1.31436629552 -0.524796405202628 -1.17939258133224 -0.300979844724207 -0.382442919259354 0.175835426078657 -0.859781898448314 1.36237046414035 1.58001933374256 0.386669553250502 1.50626055748517 -0.457162005638329 -2.47054890443585 -0.729602082319184 1.73626157470835 -0.36715724766759 -1.61356886393607 -0.735707355911918 1.06709962854886 2.33773341413719 -0.597290541137863 -0.727885394976099 0.121228430328629 -1.60509176184386 -1.23588206534128 2.71011989402762 -0.342728600880746 -0.845255635175553 -1.94537644758745 -1.47875846382132 