# Created by Octave 2.1.35, Sun Apr 20 00:22:48 2003 UTC <kschef@localhost.localdomain>
# name: X1
# type: matrix
# rows: 2
# columns: 1000
 -0.813595653236146 -0.347811043400864 0.188345792748648 0.16730610426095 -0.899920631736249 -1.53335913938552 0.697738968547036 -1.64027974808494 0.835333426422459 -1.36808314875858 0.0234124469026761 0.494353819460033 -0.710916328636158 -1.15055842574786 0.436865247190168 -0.320529309230058 1.15043648444769 0.22194983793179 -0.151259884743517 0.0381237425981014 -0.798547942236488 0.967527606524021 0.907257635919299 1.0206327364569 0.476422520436848 -1.09292642649111 0.48957470580628 -3.3193789940393 -2.46976972742377 -0.579122521998933 -0.864031287464523 2.40059531827774 -0.464740856768201 1.14953390772164 1.21915381398492 0.805797290802191 -0.112120685604633 0.056949266042119 -0.752512778327589 -0.00568516324240325 -0.668733323290462 0.630584050204521 -0.0335829335978286 0.901588713139491 2.60711685339706 0.135170630680249 1.05781779303985 -0.93264770607575 1.17329836246901 -1.09041554212303 0.751962185885431 2.20267104535398 0.65799480334119 0.902308698342236 -0.505039332311167 0.273919469024562 2.34591555380474 -0.538483479737968 0.93107883450842 -0.246568663999058 1.75703780318691 0.635684021963244 2.42378414487202 0.334615185724069 0.322332474150262 1.05742839891044 1.80241448972949 -1.14962307123048 0.00634590480203935 1.01746748372681 1.71591547227814 -0.540948335718232 -0.142138658527142 0.715699954183988 1.59823416348802 -0.147542743727023 0.147074420902286 -1.31596114523045 -0.0729419514356678 -0.297248359889887 -0.613996414442036 1.07875957858001 1.13154759893192 -0.530917002742659 -0.234448552605878 -0.26857962000228 0.402899587833279 1.14510676657138 -0.396342359106747 1.57496224264816 1.20408394169248 -2.09521534250965 1.92228815023414 1.0207390239585 0.154966677854641 0.150773665131624 1.38704716968015 0.565632269712868 0.022907588338282 0.207977262990909 1.16748106787846 0.460234183766012 1.92652107024795 0.507243954492719 -0.242199977204955 0.015057283165537 0.0185406285511537 0.789391337115961 -0.949362640865363 -0.589221677106561 -0.603360416977801 0.939627603855989 1.52710584739411 1.64434093339419 -0.684969125558198 -1.54032159745821 0.586617676904666 -0.353175838603033 -0.682752614594658 -0.83553728392798 0.230316628336968 -0.5299862991281 -0.833772881243466 -0.771439012430771 -0.164289603406838 0.590562084264069 -0.938103497817355 0.722514643602533 0.629744147574721 0.425285113507665 0.597205354692835 0.440819317424548 0.0695326841647414 0.277374788244115 1.75889198196118 -1.65396753886874 0.810750987661779 -0.0316920481944365 -0.360094907098015 -0.735494074084566 0.248597767610833 -1.00600555283381 0.576782877558512 -0.462320813438242 0.361301413490952 -0.214470894037646 -1.34799433973868 0.107107686199924 1.34023454162966 0.606805129123133 1.36722638366095 -0.135249121144616 -0.266160079106479 1.10500542899247 1.61308782770118 0.13833530381454 0.222495195163172 0.0730692928722452 1.36533170857577 0.475648562731999 -0.642066615650171 -0.0700890713867856 -1.46929037543996 0.250200484273938 -0.0731669948166649 -0.855736913548293 -0.31061691355207 0.506106504817997 0.30553152828746 0.585812678428807 -0.456375564830194 1.01762716943591 -1.98592724992311 0.21978954010287 0.0851367128820696 -0.971488875173219 1.24488084134411 -0.430569274212249 -0.942481231960417 0.87748371523492 -0.138805619883344 0.771761993364234 -0.506354091176813 0.821961472936175 0.377720504681815 -0.288536582759772 0.12653162345115 0.0861566224149179 -0.100067147620865 1.0160261656433 2.70748721914851 -0.833992128666537 -2.00719862284634 0.745254891326308 -0.0282861100651969 -0.914463642028903 0.380933444480362 -1.08916806349093 -1.05422433682306 1.58826146864288 1.39821479313886 -0.652444188785484 -0.186215754650066 -0.538926356893761 0.498710609225866 -0.000791935187761842 -0.302218775496403 1.60657352911667 1.50804492088332 -0.0140808980960038 -0.984349757110942 -1.01240909207601 1.63167107774781 -1.65644811461782 -0.769089557271325 2.23379141889832 0.0485395590423842 -0.323820357807939 -0.652569777298201 0.169487539812952 -0.119251472225818 0.623274338857492 -0.909965422643396 -0.0869890444892646 -0.770737687385251 -0.873180871465286 2.49627082616869 -1.79657010021368 1.54657719988102 -0.588665675103672 0.178478353441873 0.268389882339687 0.29630912255191 -2.67221458364875 -0.467138446651398 -0.516552244073113 0.0161165893087384 -0.624399480367902 -0.221659529355055 -0.522384287727329 0.846458348278953 -0.0861390931763127 1.65922631045031 0.119629645963808 -3.06289888386268 -0.659211605805727 2.53327802695005 -0.533763279876059 0.951414570184612 0.659034645314711 0.953535407789008 -0.531425831302625 -0.0889486343032158 -1.09162565331906 0.931298727497537 0.43976908984837 -0.286237216692816 -2.14162884581844 1.26260964467628 0.375957157521346 -0.392691394500109 -0.111277684729031 1.98304001468704 -0.650471343662878 -0.30148026914518 0.166559943151576 0.151067716931186 -0.0349159531914343 0.829237558302912 0.819316160041495 -2.21997705947233 0.777144214137467 1.96199678574669 0.047430378210014 1.99787057988739 0.61536614066476 -0.019194261816049 -0.943936964544168 0.541282606989248 0.883748947842087 -0.149247405635452 -0.213472962023307 -0.136875089965758 -0.023108437129059 -0.123277173638079 0.390700491198835 0.736305112372678 -0.298289318645544 -1.54661069716041 -0.533943831033693 -0.548509860232419 1.08279066260533 0.34742952329235 0.764104467995718 -0.910754723733206 -0.541658486641147 -1.14754048457851 -0.704142013012335 -0.917028367547608 2.13079615333328 -1.2049058415115 -1.14583148749584 2.32243513869302 -0.410822495036307 0.418341815081255 -0.634044793121287 0.489780233772846 -0.341263985873669 -0.830559621017977 0.922764792032529 -0.338039293945799 0.0809649708534245 0.998593997552917 -0.353953486518899 -0.824783473016539 -2.94090995317175 0.0816616167231553 -0.677149925948676 -0.543009665798508 0.643053115962129 0.491510435593436 1.22081725390966 -0.464571153004994 1.2149985739438 -0.410607486791 -2.03137021772113 -0.776089168376753 -1.50005193677924 1.16645572051192 -0.192920278458571 -1.48709265549728 -0.417878501283572 0.214282143720019 -1.27314083425743 1.38817552017214 -0.371414276274683 0.150301534880868 0.494436979675868 -1.04359922445054 1.81123651139835 0.0790748100184007 0.249520012896549 1.24027015681403 0.181717426884858 0.18122680611467 0.571481715377345 -1.17065811985948 -0.517036918096226 -0.899255236917708 -0.7351535727478 -0.92370358642738 1.29465252738735 -0.892185129528905 -0.603607607515101 -0.261939325303132 0.885450966228243 0.69525480213134 -3.53948037376017 -1.24537165531289 -0.284732822801331 0.950161719689073 1.38280987206885 0.850072792460457 -1.73631673526402 -0.108868116532786 0.28262626540059 -0.704495123502691 0.769311954773968 -1.95109642663078 -1.03808603387682 0.963670354114868 1.09734918061956 0.0609098443597434 -1.39627569180056 0.333054409649192 -1.07391848822982 -0.812743496631885 0.218185584730464 1.13609905631145 -0.505530815406803 -1.26427870031879 1.67948890396477 -1.24648856939035 0.0870310863889518 -0.681539398084577 -1.72925940725562 1.07406948942635 0.823836177883396 -0.296043413222213 1.84585204666082 0.474203844824387 0.527396914871325 1.10063316566823 -0.586977578796941 -0.508976229664112 -0.301127989173186 -0.480032492777644 -1.81856876690123 -0.374004862132492 0.954355175355216 0.813425167254227 -1.07732632771599 -1.28272320903355 -1.58923037845814 -1.2216621066645 -0.324635599343589 -1.58055000316836 0.529368483587343 -0.422221855647849 0.811924475943182 -0.488638119058818 -0.888598930039928 0.409600874387235 -0.968116428727686 -0.953072157605496 0.241442096804128 -0.825417852391933 1.22924238086697 -1.18286370985166 2.55313352745871 1.16180596745569 -1.02227292657968 -0.656272112705099 2.07763581572312 -1.39827952409335 0.0233182602302994 -2.62043806633461 1.26032473669705 0.0519937231934922 -0.733989302042168 0.396533769439211 0.243970293651417 