# Created by Octave 2.1.35, Sun Apr 20 00:28:29 2003 UTC <kschef@localhost.localdomain>
# name: Btest
# type: matrix
# rows: 2
# columns: 2000
 0.162722706234932 -0.540477030095636 2.35848217071762 -0.111949836786323 -2.0313579849514 0.443707344303658 -1.07561749083299 0.0905318920978204 0.0730738377514481 -0.478164578054301 0.107571574881239 0.0607009365957608 0.196526947574564 -0.96228315519947 -0.233802100674218 -0.0634530730003524 1.44825082198512 0.572636731987959 0.643543965272122 1.70099476579556 -0.0406548821898821 -1.91662922194764 1.3393585132182 -0.398215106151108 1.1196968912026 -0.729175556361767 -1.52031606645816 0.927634716095363 0.0533350079909711 0.680677223426211 1.46884788468136 0.926308049599084 0.951964422817507 1.53849275597318 1.03865941904133 -0.544106133809748 -1.38424928172719 -0.35119837791881 1.27308027356535 1.62539772608739 0.795004896717174 0.90483290870139 0.39200737133143 -0.094403714508523 -2.87116024572389 -0.122734088257279 -1.57151459953874 -1.06679050136849 -0.158312359226175 -0.622554377215551 0.73280554124997 -0.153237625801314 -0.0634923394372604 -1.38417956766252 0.572801089804608 -1.57703235148422 1.07923398009233 1.39118382024645 -0.692729762431864 0.916216989983909 0.107640099125271 0.279629029480105 2.0768023287004 0.810903294126886 -2.11876433841133 0.623990342284263 -0.454970897934283 -0.0897983558983231 -0.114871317357342 1.91161428584479 -0.804055782151485 -0.694952017519561 0.600967609937933 -0.859516405878019 -0.492356240204782 0.579029089272303 0.420730569662736 1.37779597735356 0.692316128946712 -0.420005075943881 -0.281741015805613 0.464470988956496 1.31234291247157 0.870242443313026 -0.123683350128583 1.23732861863557 -0.362535075478224 0.662311618667937 -0.314923666059183 0.0535956923900718 0.243655445318675 0.285188611278033 1.4861387821875 -0.625995291359186 0.280364649632767 -1.48907809622602 -0.191203327234475 -0.270241728741562 -0.520720998591737 0.254551328470736 0.0155716938691266 -0.786219020856665 1.24138414346152 0.347449743174838 0.334172805701252 -0.849511423306285 0.499081940464441 -0.509905868330304 0.932733839665122 0.172847471937135 -0.594251819352679 -0.0559021744090304 0.214888471601485 -0.251281060522491 -1.82702703919842 0.0678376633375458 1.53240040312567 -1.32081698935647 -0.260927768075507 0.320209311094455 0.407120656762386 1.33637028694938 0.906677663153834 0.278379878030884 -0.76718328084597 0.419048888963092 0.42792041777256 -0.831071757514904 1.06007203427584 1.22754008446332 0.198485771662367 -2.39744395699804 -0.015603364302639 -2.02044273540699 0.233402264396226 -0.492397273702033 2.18161639413557 -0.731483393716008 0.793853312915787 0.680718558501761 0.519943685239296 0.860935548532263 0.419574445694307 0.00815856237040729 0.92136868242084 0.669642103576362 0.921710229268309 -0.146772597571334 0.617882703186749 1.79324638929241 -0.989261270706015 -0.333634356497773 -0.526850549237508 -0.666663549017826 0.0612628606068804 0.820036347867159 1.10684651502764 -0.112239644106941 0.853332137619699 -0.443626992535729 0.24168049444916 1.56481352974419 -0.98421606368145 -0.255965184080432 1.3398330225212 -0.521294430877853 -0.421147383856507 -0.464830073215225 -0.430492842962201 0.504474391339022 1.64638758980537 -0.461868785265951 2.30796627896453 -1.1182146792196 -1.7775144418988 -0.0803671307518076 -1.15765232954928 -0.658771499400552 -0.0354352710215972 1.44122408532539 0.343057957367927 -0.24568130755276 0.73634213110883 0.237411564101635 1.28504236264223 1.63323806445078 0.254772894276977 0.566476081080148 1.68701307517938 -0.426487195181502 -0.702141286033593 -0.341985241003781 -0.291094946861241 -0.885464042474783 -1.10616891806841 0.314739778691621 -0.986083436506287 -0.404708167026374 1.77750724171692 0.734187731138315 -0.271112481888875 0.244798672691699 -0.200027093580905 1.09604070306441 0.187072420792322 -0.140903940426805 -0.711899949817797 -0.101869333589639 -1.64417683710247 0.961916403003265 -0.503401323918887 -0.099155368044542 0.369312944660397 -0.69703025012104 1.38905511097725 0.0777943144528108 -0.018776858602164 -0.275047305891017 0.493317511607199 -0.462989676407216 1.83974241667532 1.30513385759386 -0.18376983684452 0.705180087925512 -0.0799001827000181 -0.06957921204162 -1.12613558787738 -1.54568954509603 -0.918470185120176 -1.15931304584502 -1.46467101582164 0.0849664436595531 -0.704016933412997 0.284292754093443 -0.103006984709239 -0.0270098424859884 -1.16764787837487 -0.200695589001327 0.304625450425845 0.524565825032556 0.679824063131675 -0.545516822847309 0.133355482734837 -0.21345809868974 0.654761959374936 0.626917432977361 1.72385404977229 0.88452914974917 1.09527828485263 0.172764217478082 -0.407021286713002 1.26400595219872 -0.895424796704165 0.223849432512967 0.385603523442695 -0.244208531082978 0.72055941724959 -1.37173283047941 1.29234926082919 1.39640509245146 -0.875887244541108 0.636956663534628 2.10505893357003 1.24431788183563 0.96655190648488 -0.081200173653355 -2.19537989992095 0.561377028192802 1.15054088708493 0.115618781820975 0.7479751146211 -0.0705771252073152 0.454805161810567 0.129981995490761 1.23818171767201 0.702189312377642 -0.406869583404492 1.29325482624331 -0.627779188253407 0.195410156013296 1.86510601155567 1.37872117245201 0.821740849562117 -0.717392628355048 0.0336589088726801 0.975510827030686 -0.254043018248471 0.0853471768371944 -1.58665824071031 0.171379803449785 0.632315408860615 -0.595949344693402 -0.258721812352416 0.774443768960077 0.674719506440381 -1.91935304886749 -1.1197727004474 -2.08031104141529 0.26593441077514 3.21571560060239 -1.08207317013571 0.277630366427844 -0.224250230071786 0.899390400541406 1.12519313684566 -0.55797329064271 0.373277800147582 0.84637118272634 1.31887569215119 1.27882002483587 -0.789631996598231 -0.992085881323526 1.08229353434092 -1.33554975012291 0.30826584212143 2.86405438245806 -1.66486295964001 0.0659761807138529 -0.940480236388502 -0.509378968633228 0.525624963305025 -0.270085362749827 0.40420624178215 1.99846465143832 0.644848458695213 0.0502652283531938 -0.42916781364733 -0.743558617064309 -1.71333104050249 -0.125839670893691 1.14911749406154 -1.19183415634307 -0.131042002567899 -0.370389795945747 -1.91942356164343 1.62583549526075 0.855631747540983 -0.150692457222958 0.612562447329553 -0.418931942553494 -0.773182012480407 -2.55595875065714 0.161488610139836 -0.137879849901263 0.477382651496324 -0.215348255990643 -0.882802277070267 0.49877687987894 1.94478371429023 -0.113734449929003 0.860082576724164 -0.92212163861351 0.0840450465628018 0.581218029382327 -0.380108217875733 -0.426164440431763 0.584038007945658 0.783299832457421 1.18317082965148 0.373430477989872 -0.568658197981167 0.308878712838326 0.0622497473160337 1.68031624632965 -1.0018141186847 1.14708736319869 -0.89343332440946 0.777304257970797 0.65054784559534 -1.76312849735377 2.31293821056157 0.0612412883342099 0.369149032142955 1.32848088556654 0.993755682665503 -0.0153660740154228 1.62796472286766 0.801784320323429 -0.391989022176826 -0.65217586420648 0.820520098306733 0.650441195257342 0.369257407131848 0.571038432975713 0.568387936704026 -1.32301834129835 -0.109479104741397 -0.361159179269802 -0.768668492708408 -0.847288894913255 -0.596119757636826 -0.975038451747562 -0.321926995059574 -0.99872569302618 0.966541860157809 0.670360712828119 0.966593166165856 -1.09332303022672 -0.205218028893939 -0.922668249279695 -0.251346922395606 0.325154992568326 -0.66875406151065 0.425923894041354 0.97065968564126 -0.572618816352159 -0.34386369447501 -1.14673750881153 0.297126710743695 0.17870998442383 -0.0846317765670203 -1.73894640378446 0.402453270800017 -1.06087915204607 -2.20668707873733 -1.04477994118679 -1.118963264294 -0.547165787013718 0.161764789891086 1.2214798402803 1.02395671361525 -1.22643173709441 1.21452062888648 -1.15602520153656 0.818874479774574 -0.250938379811302 -0.127952675119584 -0.283331739503796 0.39325677723734 -0.0937295550706803 0.0509369421795213 -0.763701710177958 