# Created by Octave 2.1.35, Sun Apr 20 00:27:58 2003 UTC <kschef@localhost.localdomain>
# name: X1
# type: matrix
# rows: 2
# columns: 1000
 0.560170927045705 -0.157338779659447 0.0430360101389215 -0.34367456718451 1.44911914130132 -1.12659909487366 -0.750653774300538 -0.491211175678021 -1.93712758372134 -1.36594567487008 -1.80517659824462 0.507743773401014 2.50100477611615 0.596378181965748 1.03124810408064 -0.365937425885947 1.04512061157232 -0.438012669564447 1.47110303772049 -0.642004660158455 -0.884775869070378 -0.131368383325462 0.144925084148675 -0.74477889239144 0.961343013126598 0.503221651579264 -0.700978984422203 0.511897590369537 -0.527734823930567 1.41676776990769 0.179462629613879 0.864924732022724 -0.0668152516472514 0.0624965797291036 -0.0824102942737138 1.39663015939326 0.100726251704583 0.804280540446746 -0.612521291316118 -1.12203027553724 -0.512241413190728 -1.68968051638172 -0.259429640179999 0.217213821701769 0.117731300105274 0.635367694600994 -1.0316128371159 2.11361589736543 -0.97838745048038 -1.12778622014876 0.665321401305879 0.331851001502057 1.18731761607592 -0.814645786569105 -0.490742061210251 1.90425244857372 -1.0055083397505 -1.42021314411163 0.00925066588985497 -0.902472540177264 -1.05815899118741 -1.21610872135818 0.166847420897641 0.0730524421848117 -1.23837936454945 -0.474871069728422 0.408942849388366 -2.35511250444703 -0.157917310503673 -0.30651865531682 -0.299651717458045 0.0774981937200962 1.62756695994047 -0.0824983975463488 0.353664131565729 -0.0752963355154319 -0.815306638864523 -0.112903601716402 0.794454195895315 0.270790024005275 1.70624568456096 0.552914849514215 -1.27900132993926 1.24809187271749 -0.98116377087283 0.980926881119292 -0.469865086731317 -0.739921903210318 0.183158405692783 -0.658398211437156 1.51969328842294 -0.662690311479902 0.675308715041241 0.683685561197812 -0.616870634689664 -0.555970092135568 1.12704829574941 -0.0875095403596564 0.489246034938512 -0.0185745561097446 0.790458435406256 -1.3089860350057 -0.449912723042879 -0.479790601065294 -0.440241766709793 -0.634180720115052 -1.28723264571812 -0.369341472082579 0.604964983164065 -1.05169664182091 0.18558018781012 0.0483206184987927 1.66796686003498 -2.58344979901581 -0.549173968631029 -1.09602482308213 -0.207693301105907 0.863879574731691 -0.166358166654118 -0.0690462100961587 0.746073591588069 -0.523928227251256 -0.851634911501195 -0.886072985605556 -0.0508668723467096 0.60767116775345 -1.39854830575196 -0.954661088841843 0.666427245928322 0.0495623188435662 -1.13290790554498 -1.61250733424193 1.67819313039546 1.95213027473561 0.346422093917686 0.31031329724389 0.723118393931979 1.68578008172994 -1.59214711653371 -0.0261840834071759 -0.906267837094701 0.0537752557609739 0.275202392531064 1.41897057555121 -0.182450959550234 -0.676782867462011 -0.688696435417948 -0.582964535279685 1.21700444660226 1.33765456755823 1.67923482424822 0.353174993064659 0.352402987666978 -0.195401369011229 -0.101670507493935 0.287201410813041 -0.515731969949606 -0.623458315756111 -0.453901011222766 -0.104002669022822 0.658701712297395 -1.49089962237574 1.53382643495918 -1.93767029743045 -1.45569164449746 -0.756585941949885 -0.900225772428485 -0.433353148198646 -1.13640252889873 0.627089624761532 -0.679649105309048 -0.290375720316404 -0.155394626884655 0.997801958697615 -0.220455017973246 0.158475958384916 1.25610354525176 0.418169891890257 -1.38602779262148 0.681382271078854 -0.0769778324408005 -0.783484982684109 -1.06606661920867 2.27925313638462 0.358639485516884 -0.755853417686944 -1.69208158855184 0.0860771188359534 0.0644134820773221 0.139868490187258 0.250031282355869 -1.36500179134144 -0.231560118124849 0.889976426616001 0.225839231990546 -0.27490128132543 0.821679629167504 -2.62193756075678 -0.412529180817849 0.526395924664552 -0.438178603598922 -0.0707535155268609 0.302024606193724 -1.65015239432953 -0.231651018064988 -0.129021868554427 -1.81717357144876 -0.872150029719115 -1.18303431834977 0.355643031815111 -1.65550287398683 0.447769959753744 -1.12256908522103 0.983143491038212 0.284389673819151 0.31004844788356 -0.776809433953073 1.17017840302965 0.384936912886639 -0.877763221771777 0.781938639958115 -0.106732103414163 -1.32559649647566 0.730061621675974 -0.590354654940574 0.622439249700067 0.534016567949583 0.44128545380662 -0.444095268238857 1.11454589616548 -2.2816268450363 -0.266712209480156 0.198996581685997 0.0134445655299095 -0.768684198340739 0.565375061121463 0.297902850768069 1.60225677976018 -1.4076430967456 -0.436146154352897 0.351125113240898 0.146410835553538 -1.61032459297959 2.72360473204079 0.495110297992987 0.338040528531958 0.178446895055602 -0.367873992081665 1.4068933813416 -0.891260075795284 -1.92468624903072 -0.133975669081555 0.76821179360661 -0.145869936026382 1.18780786929756 2.80666124263812 -0.172144891100731 0.3194470578083 2.34850922141579 1.18454517850407 -3.19677806673733 0.392424463542695 -1.40390098127626 -1.47580469287312 0.453402768532297 1.86202501226275 -0.997120495410353 0.676357798740357 -1.49083234891592 -1.41351857709914 -0.346936994096991 0.832205022790733 -1.14150180325763 0.132597484529988 -1.97518968654251 -0.175787539921394 0.138221271876468 0.650092283302362 -0.962772367033545 -1.20669211333482 -0.29638551610467 0.315614619638528 -0.0764125521930688 0.837007680756501 0.438875447379411 0.805096286183614 2.06974587715393 1.80930973825105 -0.238675164950538 0.658816830388558 0.155397116672678 -0.154089803610299 1.28534731013587 0.278120878818331 -0.670871697201703 -0.1722089741331 -0.603526359258557 -0.219460516412053 -0.173306803958845 -0.502418927899086 0.489308097631888 1.56190754010767 -0.0513729301560567 1.10513401443952 -0.220620659853743 -0.280555265966116 0.217355526246582 -2.51654582798088 0.593929952845273 -0.614742312185792 0.958042167966173 0.571972496361005 -0.937031028841657 -1.20642876126362 -0.298134750343198 2.31803243480927 0.505560360655743 1.20177455403729 1.46564029789761 0.302321651393508 0.372288928735153 -0.169873702578009 -0.825658966597732 -0.527764699030771 1.11054378721763 -1.3151079990724 -1.76204383330563 1.12471672324063 0.323311134604497 -0.558020428744427 0.24633022865674 -1.14705496238023 1.19971865707855 -0.883652433362219 -1.34385282151015 -1.66620820618678 -0.203987570587069 -0.110069020166395 -0.174571837746431 0.405556879041006 -0.388373523649317 1.44484039552261 -0.0089705313103008 -0.349177989448648 0.0642091580678701 0.573521647534904 -0.557999016685228 0.320771806455086 0.323710583307255 -1.15411802980063 0.350037219006443 1.26375911507349 -0.136005008301376 1.52029934771123 1.01857201424538 1.38995642955634 0.522696543782548 -1.34924748444977 0.0829416940844639 1.20783306885727 -0.799025086226459 -0.536336468435768 0.674138645432583 0.731330286183546 0.275561265994219 -0.905103782559451 0.457434660693215 0.322764072748905 -0.304826004706565 -0.627568587645615 -0.107093784147184 0.324282639642383 1.17225155356558 -0.455901417774566 0.500001052163148 0.568939457441885 1.29949706232717 1.21695404532911 0.828864411704344 0.319694531075254 -0.824478124989221 -0.691283251547024 0.148156691172689 -0.373161225115166 -1.52617181228178 -0.885069897309136 -0.115340500445956 -0.375482011487604 -0.0562664444744737 -0.177309478366007 1.42749443641618 -0.549959221974613 -1.69181623734637 -0.804031652353477 -0.330270797187726 -0.569519590420822 1.37227687773006 0.149750758664433 -1.05833441551397 0.857205967410952 -0.0875329126777968 1.77416532064979 -1.07896889276787 -0.416165312719966 -0.482533929263094 1.23507429258068 -0.812438996793533 -0.525967782435941 0.424571825463621 -0.352042394265089 -0.349149353646766 0.394018870310025 1.16784184976679 -0.72484396841055 0.596672055881236 -0.698390396520623 -0.0895390586415919 0.932451091161555 -0.277693007538972 -0.382870104919299 0.345185085707144 0.845869573196897 -0.386127447410152 -1.38016223607883 0.471309891813906 -1.23944882716648 0.490039712447772 -0.328756022405745 -0.485484665579666 0.623109790198326 