# Created by Octave 2.1.35, Sun Apr 20 00:41:46 2003 UTC <kschef@localhost.localdomain>
# name: Ctest
# type: matrix
# rows: 2
# columns: 2000
 0.289156112645408 -0.725886853348474 1.95885221682928 0.61969031907473 0.301612771493543 1.73669305353453 -0.657852658770033 2.73082608096631 1.31592434995368 -2.21792126065101 0.204969497075191 2.93191175110096 0.494486665342166 0.282463468890726 1.63910279779378 0.976347659420652 -0.169560496378419 2.3172372263172 1.67552951152884 1.27516105032671 -1.4933350072204 1.98638808582329 0.856086709206501 0.148765681780709 0.0126056130345371 1.23977727954104 0.741221041534076 0.621193517977589 0.313609554236313 -1.47905735654801 0.563069240634869 0.859097185381366 -0.574730977355388 -1.05013855201849 1.785712491708 1.87738783269684 -0.0651371030634711 -0.557563922094189 -0.746934356901267 0.959877765379568 2.41490792988858 1.10937958279536 -0.217115360203897 -0.832787306140234 0.846486788009983 1.50581929502031 0.76571660628083 -0.841797783042937 -0.0249245706964363 1.20163972993271 4.45311401480059 -1.18536663719499 -0.058082853907067 0.385688371456531 0.158186944418969 -2.84909526764417 0.48245779543037 1.33503318873712 -3.2182980313432 -0.600664047274522 2.72421336525011 -0.353720234831696 -3.77633216540966 -0.596906669769548 0.14267701650793 0.46520289529646 1.78580221582924 -1.18593728900351 1.17400853905588 0.0796715560461028 -0.999937986152757 0.609797594963845 -0.301293759059803 -0.648088883095422 0.495464394369207 -2.5934007144357 -0.536805702862773 -1.02680596222289 0.470629685239049 -1.29301575061335 -1.59876836667146 2.72467622016432 0.967153016162142 -0.652197959963331 -0.571758525975219 -3.28655969496162 -0.132302315129462 1.67878724882926 -0.529959040696765 0.43311572627014 -1.02885594247956 0.220757223900376 1.45380329510788 -1.09032240335445 -0.231521679424484 0.548972997421509 0.253537635713709 -0.629833343096026 -3.58160043447041 0.137381594034294 0.666493083648638 1.76294735500002 -0.526544566072252 0.676361617432718 1.98413378726914 -0.112625633414289 0.761895094421815 -0.337841624348944 -2.09945183404482 0.00862578948098808 -0.170672271803169 -0.756235117725629 -3.87548899471109 -1.27396184986137 3.20444085253308 1.42130876897497 -1.58048367832786 0.335116134214247 -1.10352088556327 -1.64987720933669 -0.706384811798428 -0.208503104061216 -1.07142987807187 1.38446830069152 -0.0799520788710156 1.34721055926669 -0.754990175551419 2.05996858255394 2.11490197586304 1.07455294922241 0.659318752510454 -0.675044544102217 0.157453457724634 2.64685645862514 -0.421680698893396 -1.47912916783221 1.51368942792222 3.56410599012512 -1.3877415517883 -1.11913504179563 -0.149953046978722 1.75678901758765 2.27207912407795 -1.0786921740348 -1.97866717325135 -1.11216183023402 -0.905500069858785 -1.43111620718986 0.333574150820477 -1.12751065256774 0.598324582776416 1.00605370060915 -1.59428455965013 0.736392732271843 -0.296668908438804 -0.800980744904851 -1.27050259314426 0.360774573952125 0.725588172784453 -1.79899613986077 -1.88226300322026 -0.29140719248665 -0.495687305231913 2.07612068367362 -2.39873775599581 -0.937295835411131 1.84706123965378 1.39189237196396 -0.850927812139271 0.406219561472082 -1.04476837943582 -2.70297033988232 1.77648977967359 1.01323738800596 -0.825857597182864 1.66577341278439 -0.456666428847099 0.384061941831006 0.645983884839273 -1.56081730249159 -0.501166434245226 0.120443707133562 -2.19714412898227 -1.39696506350294 -0.404112763935427 -0.0215555678887149 0.048307907699314 -2.27480363460437 -1.01141995475871 -0.203878313416234 -1.28084589707789 -0.24029832982941 1.1752190150124 -3.08876806760961 -0.10288866701922 -1.30182950618071 0.841410497909991 0.0439692126508122 -1.05631696140451 1.42571516695052 -1.35135690123308 -0.324923749931066 0.499306178121925 -0.148310693720718 0.644652857088847 -1.14466955109064 2.45394591943021 0.401349069077982 -0.514478790918075 0.838900301683858 -0.130543488446693 0.41216862256959 -1.26060287183141 -1.98810196048141 0.81873292618665 0.574013704177615 -1.04475766372081 0.418391854032223 -1.81973280771012 0.867547086446376 0.0922352271023414 1.35809004879115 -0.216932013520321 1.12666850932284 1.96596633204652 -1.50970078289619 -1.06224826960103 1.06628689464112 0.106390996512447 -0.538648685893216 1.26730475189269 -0.775022964866767 -2.0809843388018 -0.0610071645376937 0.709712121278421 -3.6092616933237 0.278641937039705 -1.62042482671555 -1.75677382366337 -0.995873451473378 0.731311564122478 -0.63361287174323 -1.6494524192012 -1.64652159117674 -1.80058110606663 -1.14718342584581 1.49140425928527 -0.148013652501158 -0.370122955733883 -0.665824950820688 1.31827620949527 0.322932086354799 -3.05928353784343 2.00978337054853 0.334250260458671 1.29703878188905 -0.648128147394467 -2.00486501729296 1.57349527284198 -3.07851712674196 -0.174421092729735 -2.51519726632459 0.486701538448161 -1.22698839354344 -0.0443670735547329 0.959240340272257 1.69272583508628 0.209377294491131 1.48300745698719 -0.452151434297003 1.91021854439632 -0.796113251311595 0.0677757679177439 1.08985858882398 -1.79767634761751 -3.04968033795799 -0.715386092378544 0.33832311181239 0.253967563794651 -1.60180715152629 1.43223591944085 -0.837015935201774 -0.852705261375278 0.0199456229213274 0.43862712238053 0.371369577236565 0.277684359954333 -2.95194182150354 1.62539627873805 4.10320241697629 -0.531334450699676 -1.23687907846976 -0.563963283126369 0.358166017058322 -1.47714788010686 1.93078743933448 0.0386127021049926 -0.708541069556997 0.527099784052438 -0.459324645882872 -0.756791215354062 -1.92915977020461 0.458584781738743 -1.04899828798572 1.89984557232634 0.0171466309284536 -0.0488276398695179 -1.58155237098049 2.11750685422781 2.15519226463695 1.44678306234905 0.507508218301209 -1.16554184470615 1.14188250557063 -0.279992816851716 -0.933900713048062 0.538084791382589 1.87211953937484 0.958667049518987 -2.27496021199242 -0.783563709605331 3.09092432536818 -0.161843112395471 0.479735364072533 -2.55262581944547 -1.2248777175577 0.961966610095173 0.420727640001294 0.800972028390399 -2.31666385559591 -0.647830586382762 2.54771258414335 1.50746631641162 -0.168445242344691 0.460348276554825 2.92115061424978 0.103083519102033 -1.90984525366731 -1.91996504697807 -2.82806399759994 0.0172239712517099 -2.28003386314767 -0.830284866812282 -0.104083229339258 0.166812615197423 -0.224863321959447 0.814869351147802 -1.04478717192111 -1.15481565388081 -0.273882820108936 1.4127907351548 1.37231875903378 0.179960317711953 -0.985285925199041 1.13279877795932 -1.7237000091755 -0.834582508277235 -0.775297415119971 0.327257516707569 -0.260284117939537 0.664649101017914 -0.568971480455206 -1.13903508419363 1.85156647810513 -1.60379227771671 2.71420744640339 -0.663796322026022 1.18828027209461 -1.72828425603308 0.851424253622923 -0.132617968906257 -1.45466583019852 -0.648687923551936 2.83677379473806 -1.71826602211089 -1.96210243713558 -0.654547340496226 -0.324896740731468 -1.10519765505895 -0.586638815665137 0.427101331298253 0.576233736434124 -0.239190692749825 0.111832250671106 -0.846208259387631 -0.194949243960431 1.21240422544083 -0.378303724419184 0.50143604643307 -1.33197025353949 -0.353900522738412 2.26981826814596 2.75196962611412 0.712798487106635 -2.97105098015907 -0.791243998421844 -1.7763188080415 0.268009308800681 1.11808754066896 0.00757119494082409 0.766101892213213 2.14086151519762 0.423218523949995 -0.533343487328831 -1.25314857264647 -0.871651925009092 0.0862954522914459 1.56236772251173 2.04949293154307 -1.39967086151209 0.232546969432905 -0.550592349877043 -0.563023259021935 -1.18696375854027 -1.13470505567957 2.98288688723258 -0.123010750627687 0.609767566971398 -0.846143005481275 0.390491450807667 2.35826450038643 -0.91843353804105 0.874499746226202 1.2014804336319 -0.102033848842754 0.749798011786831 0.909270642087471 -0.477372149071746 1.2009895099418 0.835511576762588 -0.17086537458549 -1.09601004898642 -1.85702429564045 -2.00767685289995 -1.99653282915707 0.0721687112735061 