# Created by Octave 2.1.35, Sun Apr 20 00:41:05 2003 UTC <kschef@localhost.localdomain>
# name: X1
# type: matrix
# rows: 2
# columns: 1000
 0.310202536629897 -0.40506010511392 1.22703277579593 1.88171298316153 0.9374133884042 -1.11871217089267 0.568424059357213 -1.0860432345027 2.12905279725176 0.639770209555328 -1.46082000927373 -0.246812325021838 -0.618364129389665 -0.458054753685643 -0.0951361870703994 -1.09825315201742 -2.3905928529686 0.40693923369053 -0.897367002098903 -0.677674852298139 -0.897095430694508 1.7289028886551 0.331695562028019 0.44701424854788 2.48590497968449 -1.29170227584386 -1.80405011888249 0.261602630694442 0.716981534395352 -0.107109339262521 -1.09876974544274 -0.912442333795687 -0.761324602549332 1.18244596510938 -0.75910636957333 1.11211336961239 0.0488261054830863 0.197252822808442 0.900843212036782 -0.735871180829127 1.05684403064078 1.53190790274319 -0.256621162677125 -0.821474070061751 1.15508690541311 0.838832328864736 0.57203669474147 -0.721633514167983 0.636136222709065 1.02893599047008 -1.21254696836098 1.00864026629676 -1.5077737134901 -0.2605058092899 -2.16570358138585 0.269370144631492 1.84614544586016 -0.894793791071043 -0.0377057147898514 -2.49520638025303 1.19749074902157 -0.0971014312112348 0.253630058755708 1.11175527280765 0.915113185779014 -1.99359000592923 -3.12968546561593 -0.490771870809171 -2.49391201784092 0.862129732730441 0.995441784087947 -1.29628084497184 -0.534308781328374 1.46379274054198 -0.795082303565583 0.133803954655882 -0.466577785507225 0.553935053201366 1.48801665391631 -1.91286244715607 0.253413765246864 0.278669805895545 0.637229185656522 -0.578873280936644 1.23040142874355 1.70299964680836 0.876676875638642 -0.005656441234942 2.06788413729263 -0.330404378344801 0.723044789828984 1.53907975487268 -0.917124541480821 -0.815753237700445 1.69964562800886 -3.16855664186263 -0.265305410032057 -1.44203104258028 -0.404138033830535 -1.25583741743485 -1.89740654764023 0.347633908623574 1.05309752878687 1.05814167174181 1.13253264438046 -0.942645536180035 1.09209817326199 -0.533458081505067 1.52076291938404 -0.0159763464002453 -1.93043110182624 -2.56956352641816 0.0251123481082593 0.31606957052833 -0.304238201640093 0.352149063109715 -1.28907580611302 -0.254424940899314 -0.961247537636894 0.989464734182566 -0.0368236350147169 0.457240519280594 -0.28364639586349 -0.641272608777962 -1.47494300179061 -0.473697138629943 0.955341899175601 -0.501508217573372 0.732580496703437 0.927162847376659 -0.372127953977901 -0.633428025659232 -1.76644467649584 -0.34478240887743 -2.67052187533037 0.526665557690288 0.415016403802688 0.230797409044743 0.614524904613667 -0.0756345503584681 1.43699289722701 -1.4740428817294 0.0907474920158323 1.09160013241789 -1.15294248292187 -0.766106610326541 -0.551803945385872 -0.633715110859991 1.87369283024941 -0.501728169619246 -0.849461358542748 2.26897924365393 -2.31985937777483 -0.215035631842857 0.135863151227147 -1.64752119145793 0.632479365008368 0.475887342814061 1.0488897713792 2.64332826947264 -1.54430342603813 1.36817513598015 0.0718492640136436 -0.391197648414325 -1.44591748847356 -0.0932017506102305 0.157183775564771 2.21491686204585 1.59399059719944 1.10337862245125 1.43225079349303 1.12841053272488 -1.20831578032272 -1.9635866436331 0.210157802382693 -0.0723318460393969 -1.5743616463977 2.28046760970168 -1.05470008795768 -0.413676139745664 0.964440500839094 -1.38830756545153 1.06197158024319 0.461839920078434 -0.670269733447033 -1.50333612798578 0.169094562695349 -1.1070530731169 0.0837031588942177 1.48262792875243 0.822978988277093 -1.46256475158854 2.23240842754234 0.147774638077922 -0.343568534279959 0.748397451840845 -1.83418974668895 0.102190076370702 1.0042878467364 0.317172649430633 -0.86365728189615 -0.578829058620204 0.958489280604979 -0.940282401147271 -0.030459047577319 1.0232540225677 -0.189676192541089 0.700004483155602 -0.727963622892682 0.362583690525041 -1.33127445177576 0.4436450358241 -1.82643364818711 0.61025597166879 0.491314893665927 1.1408927413562 3.12559366184088 1.56740474831268 0.526484550071369 -1.25349435437574 -0.489956236963728 -0.899706466597009 1.96239272105724 0.912474081100618 2.0086553416232 -0.457414009905398 1.63329999820942 1.49925328062925 -1.8413643177312 -2.14187582959495 -2.8543753962335 -0.311743080599262 -3.01660812283057 -0.439209489504353 -0.349964216783105 1.13646163326171 0.295357272933833 -0.724457904754502 -1.12387554616916 2.53497015956683 1.44269829575998 -0.726070779800213 -0.200538089100608 0.992878888934989 -1.86481510026405 -0.495210136041682 1.58203489802823 2.59104213758022 -1.98483382733807 -0.450078423249852 -2.51102293555032 3.03092591745026 2.12208806230053 -0.596838097190258 -1.9159026714353 -0.790186021484228 -0.333089724532205 -0.299752695298292 -0.581197791414543 1.61883762140506 1.25447348284317 -1.41122432153015 -1.07082444017356 0.615249414897476 1.92834473611933 0.213925695682625 -0.363496285597759 -2.11943792203503 0.751291174702867 -0.154482965561016 0.328673210601812 -2.49197215355122 2.39978821593931 -1.07552584018409 1.17650138222114 2.36369848745104 0.251840054540169 -2.49881325793967 0.798612971726782 -0.729246469909555 -0.115867067234125 -0.783545157024112 -0.709632473128016 0.708417359026197 -1.77216942729025 -1.37424934703286 -0.340315275188798 0.285752433703932 -0.730684534858091 -0.593899392315582 2.43625139509263 2.09187806263427 -0.349060018352748 0.972040661697066 1.1947312125013 -0.647181565912188 -0.547516699763843 0.208419857349798 -1.8530362903586 -1.02998461114906 1.40073171729852 -0.760025522023893 2.72763631648501 0.127669057870098 1.96932290982275 -0.934363408026221 1.57924513359545 -0.887709903766301 1.96580959472243 -0.625292039066529 1.28080559319456 -0.122149944845537 -0.179631869051559 1.06225594653119 0.877799946546569 -2.79383736409978 -1.01375110258247 -1.93676680831251 0.0245370681504294 0.0505797992184112 0.653740982941393 1.62992406817175 -0.0266596393795219 -0.273011348591785 -1.60922450548483 0.287527204011186 -0.500357797601752 -0.682852301946587 0.337887765897924 2.32578772715451 -1.76899629615763 -1.24102078229084 1.60243314120638 0.292862070711917 -2.273270167805 1.23713705531033 0.460221607207192 0.391591171053025 0.704177854313598 -0.0370628168710002 1.23554705111905 1.75643379963172 -0.147592241014613 2.22603897455057 -0.00266727841232196 0.55607451767521 0.905758446539468 1.96731251373721 -0.482551158096633 -1.40218713530794 0.434520044713183 -0.806564991883734 0.0967295799066307 -1.46499833844912 0.341170333269331 1.37598385344079 0.262112966622003 -0.270714766945743 -1.12838718206231 -1.04143867091516 1.23833905465646 -2.1946398503898 -0.892155885912984 -0.688373054315609 -1.34426869565512 0.0646041061975357 -0.498745962140332 2.32061651501182 0.210239489717672 -0.925960048350304 -1.03399172878829 -1.25835896912018 1.10176230878057 1.04471775967758 -2.8057689129282 -0.232338112950152 -0.157345650834307 0.448772465474478 -0.292258791950211 -1.313781926663 0.154201997913978 -1.89170034942704 -0.474148997941054 2.02182511531194 -0.0925222423310806 0.357591926624827 -0.550284552958457 1.37834131074396 -1.18658934825894 -0.816183225757403 -0.342322592505468 1.4687475592158 0.718427676114161 0.806297418880464 1.50329838307916 -0.267311927668503 -1.62528704241932 -1.46425767462476 -1.14673552495181 0.720828236181453 3.03722675787872 0.459669108139771 1.7628075708967 0.286571266270274 -2.79017226969276 -1.46438386416426 2.75611388891193 0.123755912653306 0.815604017370468 0.19736603753629 1.00298892614701 -1.17960734021486 -1.85035288339574 0.108915467030596 1.08359677279049 -3.94103174556467 0.266896273879577 -1.59945241313588 -0.780576424156989 -0.411809926004686 -1.26439199664131 -0.744491733654142 -0.933516226795904 -1.29604190052062 -1.30682478867392 0.323558195986927 1.43057994163101 -1.26883565971534 -2.7010776567259 -0.213828714463344 0.884745729076461 -0.932427702073695 -2.35023986926505 -0.148709454264892 0.907668562724796 0.223438411750611 