# Created by Octave 2.1.35, Sun Apr 20 00:44:08 2003 UTC <kschef@localhost.localdomain>
# name: X1
# type: matrix
# rows: 2
# columns: 1000
 1.30349802970886 0.583620607852936 1.88321816921234 0.480105549097061 0.304445087909698 0.216595754027367 -1.24656403064728 0.664151072502136 -0.0552825145423412 0.22052951157093 0.845858633518219 0.40255144238472 -2.3741397857666 -1.63215899467468 -0.283994644880295 0.285834759473801 1.23359930515289 -0.118610300123692 0.379231721162796 1.09416127204895 -0.692937552928925 -1.0613204240799 0.178912103176117 0.764868915081024 1.21066081523895 -0.384689539670944 -0.0266350563615561 0.315763026475906 0.293108999729156 0.31682014465332 0.965265810489655 -0.71271538734436 2.29730653762817 -0.0659785494208336 -0.596068441867828 0.123747877776623 0.466062813997269 1.21663880348206 -1.21968233585358 0.765369057655334 0.209324136376381 0.576054275035858 0.734341025352478 0.42454582452774 0.174594774842262 0.343648880720139 -0.468520402908325 -1.10233783721924 -0.365362763404846 -1.51409542560577 1.13988184928894 1.3610280752182 -0.139930054545403 -1.06992197036743 -1.59890031814575 0.132606416940689 0.249435260891914 0.692013084888458 0.479293584823608 -1.14215099811554 0.353496760129929 -1.43985760211945 -0.543419599533081 0.120710015296936 -1.22422432899475 -1.74203658103943 1.56355547904968 -1.45791900157928 -1.98119902610779 -0.0788291469216347 -1.06028699874878 -0.647294282913208 -0.0949691534042358 -1.34717643260956 -1.46441268920898 -0.933969855308533 -0.754620790481567 -0.498010277748108 0.022185955196619 -0.330134093761444 -0.731073439121246 -0.619346976280212 0.846506536006927 -0.751409649848938 0.235606104135513 0.494752585887909 0.800139188766479 0.224253058433533 1.34266352653503 -1.12130010128021 0.00830726232379675 0.773019909858704 0.474935263395309 0.608197271823883 -0.404370307922363 -0.953681111335754 1.90544056892395 0.555018842220306 2.58807063102722 0.66695100069046 -0.951135277748108 0.452861130237579 1.37712132930756 -0.31844624876976 2.03451085090637 -0.246755689382553 0.044389296323061 -0.16326279938221 -0.18452724814415 -0.0610761679708958 -0.940681338310242 1.32159769535065 0.00790097378194332 1.08071875572205 1.46460711956024 -0.38500502705574 -0.261207699775696 0.523417174816132 -1.51101934909821 -0.307728081941605 -0.399659186601639 -2.19834661483765 0.992223680019379 0.478003889322281 0.414984345436096 1.15563702583313 0.238775610923767 0.605174422264099 0.286477506160736 0.862212598323822 -0.994821667671204 -1.22142696380615 -1.08481657505035 0.67206597328186 0.690684378147125 -0.0701353251934052 0.576712608337402 0.499702572822571 -1.55476462841034 0.120752930641174 -1.40641605854034 -1.70614004135132 -0.357097268104553 -2.10312223434448 -1.29373133182526 0.237989649176598 -0.865465044975281 1.67107892036438 -0.728701531887054 0.878261566162109 0.170003727078438 -0.991678655147552 -0.143330290913582 -0.974842607975006 0.226677104830742 1.1196825504303 1.105952501297 -0.0274951737374067 -0.118173368275166 -0.0227731261402369 -1.27819848060608 -0.694440066814423 -0.915874660015106 0.328240305185318 0.133969470858574 -0.586566984653473 -0.968279480934143 -0.601019501686096 0.923522412776947 0.345476508140564 -2.60674524307251 0.751850128173828 -2.20862293243408 1.76079487800598 0.0211458895355463 -1.96060693264008 -0.689141154289246 -0.24010942876339 -1.33160388469696 0.88725084066391 0.414183229207993 -0.960590600967407 -0.156366318464279 -0.407147318124771 1.46318829059601 0.432694941759109 -1.18046879768372 -1.406165599823 0.940939545631409 0.0209892485290766 1.29895806312561 0.243083357810974 -0.355915904045105 1.91334843635559 -1.26563429832458 0.532515347003937 -1.78895235061646 1.86041247844696 0.217792004346848 0.194548696279526 0.547442317008972 0.440355032682419 0.122814610600471 1.09057724475861 0.497265458106995 0.520084738731384 0.804193019866943 0.747342944145203 1.05136466026306 0.214081764221191 -0.246624574065208 0.281221389770508 0.627055644989014 -0.0610428638756275 0.0585776641964912 1.4180406332016 0.237897500395775 -0.367324620485306 0.029847901314497 -0.199587926268578 1.08722996711731 -0.130864664912224 1.49407958984375 -0.849669516086578 -0.342582225799561 0.64495187997818 -0.180232837796211 0.313385188579559 -1.208651304245 -1.08544826507568 1.06163120269775 -1.85658156871796 0.533550500869751 0.0395436733961105 0.0879112035036087 -1.41017663478851 0.26676532626152 0.418625861406326 2.10001134872437 0.54013329744339 -0.244584962725639 2.1203932762146 0.108634546399117 0.673239409923553 0.386917859315872 1.51752579212189 -0.598070979118347 -1.48671388626099 0.333395540714264 -0.728099286556244 -0.199398875236511 -0.414481908082962 1.72117722034454 -0.198076009750366 -1.06755125522614 -1.08564901351929 1.24006795883179 -0.0574692189693451 0.57822185754776 0.908406913280487 -1.29914426803589 1.02025735378265 -0.435843288898468 -1.94889640808105 -0.20423187315464 1.00117611885071 0.774843156337738 1.15893137454987 1.28046929836273 -0.901145458221436 0.521595478057861 -0.384368002414703 1.66176700592041 1.77292275428772 1.19518733024597 0.625086009502411 0.533647179603577 1.71014261245728 -0.595397651195526 2.31223082542419 -0.630140125751495 -0.247654691338539 -0.338944524526596 0.794761180877686 -0.115664936602116 -2.86284303665161 -0.0948665142059326 -0.184951886534691 1.33451867103577 1.18771660327911 0.957391798496246 -0.233014687895775 0.15938213467598 1.31717050075531 1.25644767284393 0.378107994794846 0.459267973899841 -1.08698225021362 -1.00711524486542 -0.0963780730962753 -2.43999123573303 1.45608925819397 -1.51646482944489 -0.170441806316376 0.901406288146973 1.16039633750916 -0.110033482313156 -1.34501683712006 -1.09654951095581 0.893785774707794 -0.272789418697357 0.138984218239784 0.0618944764137268 0.238189026713371 -0.32231605052948 -0.114702895283699 0.69845312833786 -0.188443794846535 1.02442383766174 1.24362182617188 1.50897979736328 0.994959831237793 -0.207766219973564 -1.37992632389069 -0.186837241053581 -0.871036350727081 0.0092575503513217 0.611664652824402 -2.06508684158325 0.225313812494278 -1.04750883579254 -0.106003262102604 0.699750781059265 1.248175740242 -0.233450800180435 0.234617546200752 0.626073718070984 0.0879234820604324 -1.17230141162872 -0.476922988891602 -1.7148265838623 -0.0176707487553358 0.616465926170349 -1.10133028030396 0.57906037569046 -2.22270107269287 0.986904203891754 1.33253002166748 1.29582285881042 1.75484395027161 -1.89757788181305 0.318961530923843 -0.7699373960495 0.196669548749924 1.23084855079651 -0.63761967420578 -1.34612345695496 -0.00114635017234832 0.258609354496002 -0.668898642063141 0.564776837825775 -0.848367154598236 0.713083982467651 -0.114569507539272 -0.499719887971878 0.332465678453445 -0.886827766895294 0.943150520324707 0.216015085577965 -0.235284805297852 -0.419216424226761 0.147333323955536 -0.148809507489204 -0.0933109447360039 0.619913399219513 0.548961162567139 -0.747428476810455 -0.63135439157486 -0.24818754196167 1.1151659488678 1.29399394989014 -0.61017632484436 -0.348507732152939 -1.048184633255 0.199479877948761 -1.32188582420349 0.627352178096771 0.204213842749596 0.201580956578255 -0.345490157604218 -2.24791550636292 -0.632158875465393 0.0876164585351944 1.28638589382172 0.350159138441086 -0.220306500792503 0.00925257802009583 0.0348195545375347 0.271863341331482 -0.457425713539124 -0.734085500240326 0.684306442737579 -1.21052873134613 -0.279961794614792 0.890646517276764 -0.708485901355743 -0.283665418624878 -1.7769650220871 1.32882928848267 1.73579227924347 -0.352323949337006 0.16252712905407 -0.158513948321342 -0.372048020362854 -1.52999806404114 0.0755332484841347 -1.32420039176941 -0.434215545654297 1.62108945846558 0.237232506275177 -0.0769837722182274 0.80541455745697 -0.827405333518982 -0.83888053894043 -0.66593074798584 1.51195597648621 -1.02596211433411 -0.275679528713226 0.90569406747818 -1.12373387813568 -0.357504695653915 -0.551083564758301 1.50743699073792 