# Created by Octave 2.1.35, Sun Apr 20 00:51:35 2003 UTC <kschef@localhost.localdomain>
# name: Etest
# type: matrix
# rows: 2
# columns: 2000
 -0.473341066122624 1.2551931775634 -0.26312610350923 -1.05282653758451 0.149837688950752 -0.982081873024128 -2.18908177088752 -0.0912812857753716 1.12502510048591 2.98760063054129 -1.35211842214921 -2.47634817512837 2.00345496839327 0.225873661522348 0.338983727766173 -1.04937895562317 -1.38918780601803 -0.54845084203133 1.44957218002531 1.57557493619096 2.13100910151548 1.58633670518097 1.38717419011034 -0.965030704658814 -0.183480092998766 0.438068339999602 -1.99231574118779 -0.572968674376726 1.37143053524333 2.27962176215427 -1.94272903194507 2.01459996605823 -0.457345656736072 -1.63121482337043 -1.94559154083264 -1.06268187428647 -0.370163081004915 -0.37612382840612 -0.128965343461984 0.481831123096008 0.516363412187216 -1.01385747682061 -0.0836359821512786 -0.336222767675343 -0.607697686374892 0.312926668024363 0.240643387349409 3.94680550025334 -0.153896531256037 2.24238050568688 0.140448942254622 -0.379221718358053 -3.90540279949394 -1.55366169070946 1.58245308287239 2.10110205859057 -0.524051308010127 -2.29245740002077 -1.18693991203589 -4.50849750609947 0.155246842487818 -1.87390837488495 -1.35548229284042 0.521191176058156 0.384459742857451 -1.35037253660591 0.186973954937655 2.93869374262022 -0.974049311578109 -0.514910655752784 -2.39281498768155 -0.785202770333222 -0.430766871107622 -0.256250615413551 -0.391592589064512 1.08014594965577 -0.832600877523591 2.16551383361542 -1.94692675101118 0.803900257706886 3.18193813057322 -1.63657552769525 -1.00267624449541 -0.144008141606397 -0.306720165149847 -2.63306417228246 0.815233796143372 -3.00943680823383 -1.64882279634256 2.35411819727178 -1.7278330088441 1.91967166527806 -0.0829585567395388 2.35599738844495 1.46161955206006 -2.3004475187588 -1.47213834875866 -0.19883260131282 -0.432178982066759 1.69519065328054 2.81928605280324 0.701275556526799 -2.20384479277063 -1.78975081124546 -1.19241011293894 -1.61415093716957 0.659680628270416 -0.365011033817978 -3.92451181895389 3.49484465644732 3.07968858071659 -2.01983077310988 0.250440679389783 0.155666607368171 -0.753481801632974 1.43292279171469 1.53618928595503 -1.23686237124309 -1.35121501365564 -0.715505109019286 -0.277152355286638 -2.4548319984246 2.81519089679718 -0.742079405323466 -1.62926769195388 -4.16839518671043 -1.92598558894483 -1.85632568142908 0.83638018054074 -1.93601410322189 -1.49473650874109 -2.54232185552837 -1.46284328173712 -1.47647580303097 0.355883904305354 2.26053156765304 2.49155603798469 -0.561483102660487 -2.32675003957333 -0.542577112878671 -0.883922785593466 -0.44861850345134 -1.17872188931106 0.423286705870464 -0.637728320868727 1.1878157881788 -2.16906955885799 -0.143287716203419 -0.148430695586581 1.24047274146409 0.754847750970237 1.18445229251707 -0.0653391890231075 2.03113676122879 -1.37619724687066 -2.70958040963949 2.79566392319507 -2.8457603433746 0.025552114944958 -0.370924638149983 -1.65629546079708 -1.53115958135644 -1.58878373787175 0.536711733554863 1.13110030623501 0.815066273982182 0.210200341118866 -2.69718181661385 -2.07417197289803 1.6008106132199 2.65952689688779 1.9747292659227 -1.49404078833645 1.10530195299897 0.921429787392301 -0.275475846037806 -0.0422819330018783 1.54861829529916 1.05960425050297 -1.2427555263645 0.247721198580106 -0.657678589771264 0.773769994760219 -1.36326177004822 -3.21422061689774 0.506485065857787 -1.19295735490488 1.85967041492997 -2.589740339955 -1.86184520745537 0.513530614750927 0.421636902682004 -1.16701872541669 -0.850482629442995 2.42744112999285 -2.1024739242465 -1.10203396610682 -2.06190388585737 0.0995686700513648 -0.0465205820095864 0.0368920776515114 -3.74431624402466 0.0463264622774867 -0.0218303154698652 3.32970160222665 -1.03657849100923 0.364457972999442 1.38165651028049 -1.81475131139722 -1.45472150989078 -0.42359398109856 1.76586141106591 -0.186814507326683 1.30583919270957 1.23784295894132 3.04321197612002 -0.0462269143782978 2.48853578469711 3.28766119404075 1.03480386895762 -1.82780749308771 1.84055057282084 0.614767353422594 -0.390941647924497 1.24305274285098 -0.428475714324508 0.283833966460384 1.83276139001444 -0.0104129196577287 -0.0964770851934749 0.228993992697595 -1.43395063996753 0.482525482007004 -3.4744599251127 2.12471315516466 -0.629890025293038 -1.89171888731015 -2.57782073902796 -1.46774757375231 2.05416651254289 -3.88593103792972 2.25519627851229 1.57600315810912 0.88849126638504 -2.30718241719665 1.22498966751427 -2.46974190321957 -0.598519400428709 0.438522609313621 2.47221923111484 1.03312210834969 0.334228245450625 0.148815305132022 1.99649893040327 -0.927173469881196 -0.647250476287116 0.912420164221133 1.55689030727312 -2.38338945392314 -0.49510057653745 0.917540554920389 0.109358156437671 -0.224337140529899 -1.97788357699005 2.4380511976747 0.310775609388873 1.18826280427785 3.15962711547021 0.748904977131299 -1.25921993491539 -2.62293870329829 -0.247131857213025 0.0325755289543287 0.110908194228625 -0.209510032868323 -3.10240465887333 1.23444758973041 0.303184350821153 -4.65815532462306 -0.505741095351781 1.57026904782014 -0.786654131260197 0.103446580310316 1.4134374832532 -0.272538229775194 1.19888052552923 -0.52841596835575 0.382500796558096 -0.978167377314091 1.57475475987725 1.13008773570749 -0.330035282743647 -0.75348254235669 -3.47668183902821 -0.0364364816361661 -1.92565039173836 -0.50817669488941 -3.31986915839043 3.41741739372742 -1.51726595042331 -1.49415408615577 -1.62612933633667 -0.487423669002144 2.15695004809348 -1.25080225111048 -0.255027715063958 -0.169228737639671 -0.209236788197839 2.47802688453364 -0.963226698777453 1.63951835255614 -0.896395131906536 1.19582367013827 -0.312991872300192 1.00845559072701 2.15484543334114 3.60660986103081 -1.74023830135814 2.21099090936779 1.44535545303003 -0.336352029426195 1.03881436692358 -0.849502343074618 2.40248198373571 -1.85934998472223 -1.74609644591861 -1.37831715270423 0.368426014814873 -1.52158342508231 0.922011202284238 -1.46323623745771 -2.50712222242738 0.888090328070991 -0.425162868264011 -0.307850376674848 -2.50965205660478 -1.67405491044614 -0.234523888979618 -1.08606051299994 -0.0155098295868379 4.06238803571601 0.911656519845798 0.00414683929461233 1.35509245432738 2.20457811356344 1.97870279580152 -1.18806084307541 -0.150938698062857 0.950364271514384 -2.64263876978896 1.80188469403815 0.274419579454322 1.3331564085626 -2.30250997508789 1.44084826012922 -0.792914040579276 -0.0543070795167523 1.64173888538631 1.28514610695925 -3.41277246027087 -0.495140112212227 -1.24966437030272 0.0919759344796174 1.68184530963311 2.08453295092058 -1.29674395508647 -0.693484783803667 -0.146466940318526 -2.0414974671745 1.71269539445715 0.690277517312669 0.508631895179631 0.0861421396245094 -2.18538539923103 0.301030614376763 1.3588132477098 -0.581726139958288 4.08691207573354 -0.952453438925127 0.996586875951139 -3.39202672738022 -1.00230659331143 0.748646262129119 0.568735508939717 -1.76633176360631 2.17503887120215 -0.666663881705311 3.57807192116582 1.30975874480083 -0.406560523649916 -2.00761197325482 0.402634327250561 3.2342575258469 0.409340098514239 -0.112608086280551 0.0513438747435094 -2.32050934932786 -2.11855928863554 -3.33961105140416 -1.09817097386342 1.39260856288521 0.0495685159299822 -0.514684324316477 0.891715002244416 -0.166502196257666 6.37529067966618 0.839529090800804 2.20366857329427 -0.214509363238894 2.25322592328109 1.88647074302576 1.95735625981291 -3.75825821059584 0.550973151082385 -3.63035220918317 1.56714756378884 -0.443462798407153 -0.656396107732574 0.131392165307028 1.32344999907022 3.28768107557945 1.02796497697741 -0.376939165067039 -0.356463908243284 -1.09575103289593 2.03918090523716 1.62708659765033 -1.05882069350046 -1.0258535087603 0.630490330998607 -0.599215339143245 -0.0913648212889339 0.580771595561719 0.050875057557621 -1.65377831864237 2.10256914437277 -0.695032857281552 