# Created by Octave 2.1.35, Sun Apr 20 00:50:56 2003 UTC <kschef@localhost.localdomain>
# name: X1
# type: matrix
# rows: 2
# columns: 1000
 -0.239579201765181 1.09821251088372 0.310476042842834 0.697951619939538 1.4992483023843 0.384324255845466 -0.323196776100414 1.69562116112515 0.604851070055663 0.263767938956311 -1.05299309654118 2.277197232708 -0.156922349596105 1.97280237305077 -0.658321901184608 -3.38590752304482 1.10464009819683 -0.867574996381637 -1.9907298987622 2.51714688483245 -0.222983411550355 0.674949262225213 2.20944091790823 3.4113828627325 -1.58398149344928 0.321016540700068 2.72470409768398 -1.08546354513599 1.19812627405098 0.273170136087745 1.46622220078584 2.15900026439141 -0.429711387477113 -0.496114183995134 -1.04236471349651 0.501489973341135 -1.35263111362693 2.32984548655457 0.993204385150781 2.56117822601208 1.86166132832037 1.25062108132559 2.59462247075937 -1.44745277309577 -0.757082315603697 -0.887998818519643 -0.454361577785102 1.19018339597213 -0.989782525530355 -0.419489823782853 2.20780116734225 -1.20341170983996 0.263980953874326 0.0277103473534852 2.63688115681737 2.56932857850604 -3.30377654736824 2.76411195086791 -0.567787080298936 4.63833722614163 0.56037072140871 -1.37930442472986 -0.151706421087474 -1.85708994360202 1.1321078024217 -1.89004383142356 1.75661371499351 1.24078581585719 -0.346775241011808 0.938158499776106 1.44131525752705 -2.50337956865093 0.99846781927704 -1.2646681379625 -1.45296621832234 -1.25169846065587 -1.84054905451634 0.403119744749302 -1.62893959937939 -2.38524667277386 2.00560970923471 2.25723208224443 -1.2358893576945 4.10127813129196 0.320671449337114 -0.393907833039761 0.190438347181776 -0.0560359861840938 0.745672854165511 2.25295688064856 -2.89902325626304 -0.734092355551036 -0.94383041811434 0.212860733636322 -1.95339570564637 0.915076023650935 -0.0813718280663376 1.24245486217921 -0.160274381215208 1.45664991353559 -0.843582171303629 2.02438497391754 0.42262376407043 -2.21068275315916 0.0918971241316958 -2.88330759615362 2.71012052458458 1.76957333567269 0.578772183085244 -0.158522832747409 1.2946850684551 -2.22336272091805 1.4271970280193 -1.63468312032747 0.83779509873932 -2.366914622962 1.43776488091937 -0.574654388360438 -2.46438195602404 0.964645843683726 1.37293963764133 -3.67556772974625 -0.470551095161317 1.20440607092057 -5.28630621461859 2.34727434034921 -0.620571363657844 0.233960013541798 -0.417234068426332 -2.9933610127546 0.156802551654429 0.219210577727782 -0.113704028321546 1.2169780587235 -2.62194782517286 1.7955046421139 -0.842504389707924 -3.43231186011919 -4.77780802524014 2.38532391723713 -0.960148440980007 1.08623085748553 0.926564552343471 -2.26053288549854 0.879603797378314 3.32629663090763 -2.44308496258288 1.87030216770396 -1.25883486194557 0.460254669699575 -0.0812269709612596 -2.64881356446705 2.57605284559541 2.70870363814255 1.29507341982767 3.18388167033319 -0.0858973492787459 1.73283970551988 -2.52567218807975 -0.820022414183198 3.3755287812381 1.0785237625396 0.0147867792618402 -4.04850390988311 -1.93550042594953 -1.97943168027683 -0.328651082424088 0.997361308455895 -0.654806901423431 0.760001293437906 0.96614215598782 -0.725456046159072 1.72721221693562 0.88650781735748 -3.41618562048364 -0.454049789659053 1.19425092623495 2.48941934415619 0.655957761095542 -1.56926330704514 1.0595403134599 -1.49282739471493 4.01841983769054 -2.54906773107691 -2.04312065616271 1.89175630812987 -2.03882510950479 -3.45542596574078 0.840339327847951 -0.945884779904181 -0.317475768233253 0.193867671921951 1.14354309969751 0.712712941408058 -1.30232494723592 2.03375478936595 -2.29718580829327 1.45131523961495 0.839001378618654 0.59682024712164 0.236717227470831 -2.89303982509053 -0.550989981953264 -0.782989515817751 0.817300003833126 -0.0884444724787654 -0.579627883305663 -2.2820951121657 -3.20159667178846 1.3926284354883 -1.26954240701566 -1.33103026774148 1.23760121696953 -0.999163608610213 -0.694605124302149 -0.438268857297917 -0.371481337401098 -0.397807215996995 1.94294292484452 -0.506720150124121 -1.04544509965725 -0.933288781499764 2.36412939667265 4.78387736051345 1.51476564550155 -1.97671097210662 -0.0262583641394702 -0.577230347474133 -0.922132695305987 0.787383060372957 -0.8252175899223 -1.15227905408127 3.43958377907216 1.21690173283037 -2.48619887678312 -1.02439675015749 -0.626296596567561 2.188850698272 2.66036114274326 0.715739404461645 -1.46375537405864 2.10226815211209 0.886479782453483 0.15187358860486 2.69475012924889 -0.348003689757281 -2.14324144904255 -2.63165035504162 -1.91863134819289 -3.6738056631662 -3.19527896230234 -0.639319425011072 -0.439630443297731 -2.49968752106168 -1.19559991072277 -0.439077077879866 0.770616296738289 0.370472256555048 -0.741906471060484 -0.565512430358264 1.25466932435096 -0.10427761403322 -1.8819932171486 0.590487508273648 5.30244389085715 -1.32991392128351 2.04052783898612 0.685066670960147 -0.416129613420786 1.27226920803299 -1.27149779650271 1.92357724820454 -3.70099923097893 1.25807606185518 -2.02165067219497 0.139095030953664 0.822342180883441 0.467738386332119 -0.695316110232638 0.53372087371205 2.78687928912791 -0.0327388080966675 -0.276956169978637 -1.47045814107807 -3.39245273292013 2.82719866256348 -2.18364308991368 -1.29290168192193 1.09359793379548 0.606781815720219 3.27199173728032 -1.69428131769996 0.222681405406682 0.140308172095429 -1.71728651945759 0.233496166682747 0.106481750316258 -0.666998802914867 -0.732960643568574 0.486581322526897 1.38387760547346 -1.77221513108774 -0.371745673296443 2.92218413680515 1.10200142910423 0.480987221662128 -0.865389057161648 1.524178100337 0.0139325722394712 -1.30599762786511 0.449967846597096 1.70353572472562 0.520705580987018 -0.817071422937034 0.262098665584599 0.800074984151773 0.335506586175532 -1.08678056008568 -0.669386175980548 -2.85030922566415 -1.21285218550535 0.895546606903077 1.97950601752723 1.34262046909404 1.78316444201659 0.348053104264245 -1.44443750061147 -1.99310015073099 0.989662362868526 -0.631893635348699 -1.38222067297519 -0.160647569829241 0.11373982429346 0.592723312927662 -1.84312761739102 0.147571551907633 1.10861952513311 -4.03370784807417 -0.835944852513995 0.423074532155141 -3.52612707866217 -0.993896875623338 1.05350505281654 -2.73913742240816 0.0605386945179672 -0.967689101954211 -1.48081187595021 -1.02384791999957 1.30479762044261 0.556504843339344 2.43666806977613 -0.0632203274104702 5.71016506100713 1.11030905750169 -0.958962750500245 1.51887797183729 0.167483995882537 0.219819421010871 1.47674577584706 -0.62094262400703 -2.08703987711953 -0.0639220287477158 3.03707236122078 1.36213734594983 0.848949429984624 2.6998605302769 0.0448995103874657 -1.00601208894188 0.724442670491366 0.344412674503412 -1.3681849494706 1.63277488587116 1.99355355348919 1.71124360970457 -0.128530385098413 0.925539271409972 -1.5872189922681 2.36359207710192 0.346757927133574 0.852119611240406 2.34802759477937 2.70225619260242 1.22065596428145 -1.07670085972062 -1.32513817671031 -1.28322217102557 -1.38655308584214 0.581350017311053 -1.26662466755888 0.537108797776433 -1.00353513273252 -1.19911802058973 0.837635840292829 0.487431444616906 -1.22532912025629 1.51236326433024 2.05736293827356 3.47483424585665 -2.8526083258426 -3.23268229219909 -1.25734692828896 -1.24339314491671 -0.625498276382872 1.76912610669461 2.00891195640603 -0.420065404315469 0.919009067732624 -2.70730022894313 -0.0256195370396089 1.41434049926131 -0.166329480465948 -2.90006096339581 1.89167618252313 -2.14244802357364 0.172508514468443 -5.07113150635094 0.194867341749582 1.86308973641586 -0.7753219101595 0.0542580163287918 -3.09592963022829 -1.33404014237213 -1.6684930915688 -0.188744326454034 0.21327289778906 1.82809878423025 2.27489173114664 1.24399593331987 -2.81224333894798 2.32974992212869 -1.03859535648634 -2.33314050840013 -0.65229138448525 -1.6242639039396 2.32933149075558 0.453592246712546 -1.59338073182489 2.26447341232529 -3.04300795035568 -2.6423241405393 