# Created by Octave 2.1.35, Sun Apr 20 00:57:03 2003 UTC <kschef@localhost.localdomain>
# name: Ftest
# type: matrix
# rows: 2
# columns: 2000
 0.298603097284152 -0.20997776865576 -3.44857489360008 1.29551412045342 0.0199775079699746 0.604493049289422 0.390459259809115 1.33847207574312 -0.527616265231193 -1.60220004835874 -0.836926909083581 -3.16926172853433 3.26551691688691 -1.8503990864085 -2.49796509602417 0.436507729686882 0.52834214673721 0.603425331690298 -1.25151678477166 -1.46676336153287 -0.371990679642755 -1.15941614259495 0.0112978918451561 -1.15143377817869 -0.084433035388576 4.47340022265653 3.08702191370412 0.205294149829032 -3.02158070940837 -0.669544830016487 -1.00955572030564 1.76502346636594 -3.56865352174336 -0.725504553527538 -0.735002374568865 -0.846700029992082 -0.746492286882703 -0.52347839149351 1.26824023049016 -0.6712329788315 1.60569138597016 -2.29795685379483 0.439462373345098 -2.45763034830079 -1.03652256104494 -0.637763445818719 -1.52484055024402 -0.799196903242091 4.2188856433526 0.867317184159617 -2.55786696357537 1.90928367935106 -0.877127786256048 -2.7892838476477 1.96479251589292 -1.30798847720887 1.55158597707969 2.24519439906584 1.30794372624399 3.70781599347417 0.426186234575813 0.48757787346083 -1.10401825248584 4.58537575055068 -4.98304497 -1.16056956116567 -1.72592695694955 1.90963852979163 1.01455049735881 3.83242869011137 1.3885967661016 1.69878720024174 -2.31966708214985 -4.67215193941342 -1.47078374451815 -1.33040235407259 0.921634504776906 0.103298258798385 -0.335150401934518 -1.57282152905282 2.03505531447666 -2.48023330994421 0.909393977405024 3.93019696325862 1.70201111429167 -0.865981713892577 2.39713904472774 -0.168802071449294 0.90334264692663 1.9154020570028 0.868296327405719 0.749216291111337 0.942485727887443 1.62950248012605 0.830123824288122 -0.045344331289182 1.53889991525608 1.88652460409085 -0.903484859764388 0.698868066967301 1.76540918410569 1.86543946101962 0.781758391147536 -2.17196699425543 1.21349218644008 0.443876042955195 2.16728963250966 -0.109228165290559 -0.188473933868401 1.82639368852692 3.12649141759577 -1.21765545838592 -2.95843506491405 2.75994870706168 -2.9680838180439 1.29644784491058 -1.68743351011653 -0.501838084754182 0.253295846460347 -0.631427314765519 0.203947567484732 -0.804520643372419 0.068857993531736 0.293045081322517 1.93960158567612 0.766165264710602 0.62671291218886 -4.48607223814248 1.54586912777878 2.52471558636974 4.06110794250008 -0.696030984297375 -4.10332831975469 -2.35768596130909 0.235107263150048 -0.0493859232474875 2.8627446675361 1.76465328384982 0.112841261423594 1.98028632427173 -1.82861974171944 0.415596411016836 3.3326615833425 -1.08973599706549 4.51096074399602 0.656692870866532 2.06604312372624 1.05826121774515 -0.67881471000099 -0.900410041385695 -2.2957572503862 0.787929324714698 -0.425542950240057 -0.833868111274655 3.50874040000706 2.55167372525941 -0.478393531925317 -1.11018381300785 -1.91681487326822 -0.193688766331433 -2.53538548392412 -0.890137124360957 1.30897409458987 -0.828308000465342 -1.05684685500502 1.81404568503629 -0.323647540960114 -0.347924574035733 1.1541734120808 -0.116990109409436 -1.19703617642955 0.384441948130964 -0.162958655904276 -0.673271232761716 2.61612487049711 1.79415014111833 -0.0871382804957346 1.02100665889713 -0.618807517981204 2.05895332958163 -0.0385086435142609 -1.99871746811336 -1.04862682828192 1.61006294581498 -1.27081652350721 0.652955097631837 0.151538509325682 1.12483791813914 -1.86903614334186 0.714661089858355 -1.26521170871659 -1.93787438067578 -1.09155818904344 -0.998591825337547 -1.87732652560637 -1.54797353737671 -1.43532828111735 1.33192189522392 0.497131512650301 0.31121960611314 -1.87476976413539 0.70746425818265 3.17366284483438 0.55961647192719 1.39174658967051 0.286962688254765 0.0905276525813004 1.55287690719683 -1.83449421382441 1.01019504854946 -1.90796812765309 -0.331771883711017 -1.30368279029214 -3.27715987220197 -1.04551920022037 1.33384769561562 -0.330626214142169 2.69929551724551 3.49835203318903 0.843844548585987 -2.55936332175419 -0.38154383442615 -0.393952643732606 1.12532321179861 2.51903318944127 1.87870701947885 -1.90923004810887 -0.27524975624993 -2.24062158260951 -1.60513975184051 -0.0296762089885576 -1.39467662411229 1.75210495953101 -0.467540887927833 -0.740203306129291 -1.95778645741543 1.29523729754483 0.643416219980386 -1.08094726590715 -0.0845874692976082 1.22649139943111 0.753475093113488 -4.12450087274089 -0.0603689758063737 -2.86524191166179 1.70735374408584 2.84976727413481 0.895535161437679 -0.697455859129644 1.14525761124009 0.881722358294563 0.764099335482127 0.167177391755782 1.34933243206046 -0.140672863576989 -2.08138419505896 -1.78387555132945 3.26588324830139 0.545011697393056 0.163834467392153 -2.01483357592753 1.09579649543621 -0.291132566315801 -0.0235019781864386 -0.0099224604450456 0.697029797064995 1.57585488783025 2.18787535929832 1.19523461089666 0.534574708332064 -0.425099281748906 -0.624656616760842 -0.42726265996592 1.37497348220693 -3.13831551363773 -0.54204033746906 -1.3954016603557 -1.48574464752532 -2.08469113917161 1.45434498794689 -1.42659530345589 -1.29682620167738 -0.830128704328757 0.503215433242486 -0.318369748184507 0.643585126972557 -0.257228090092704 -0.142319092580012 2.31312770952361 1.50519823940647 -1.84685579806567 -2.51525978735741 -0.538563674069924 4.77317982846921 -1.71504786741521 -0.616334651427538 -1.71851831292299 3.01191836109938 -1.07724850611819 -0.117506543458692 1.48939968360726 -0.884379819535282 0.379309702604361 0.895276684549574 0.518041758539411 2.04517017404578 -0.179410899857107 -1.36424055376011 -2.12768748816988 2.1960928136875 -0.490665322831168 1.56481775527756 4.03183364212399 -0.437786775979076 -1.25191006690556 -1.47697461206476 0.830784649823888 -1.00755709300895 1.19347033306245 0.516106635449977 -2.79371441119721 -3.39821845267034 0.714061393563355 -1.26479117281732 -0.676970004142349 4.31591579105378 0.529315459492405 -1.47423536391528 -0.528639842786463 -2.81045001227959 -1.59427869549743 0.0704755289916528 1.02504818398129 -1.36864168098515 -2.36122936066321 2.78829991047311 1.38848451689316 -1.69092520008924 2.31671292473414 -3.96611401346825 3.60983285952147 -0.932896678518193 0.967252634059254 1.25578440035846 -1.44560213804619 -0.888757062676109 -0.144033473097319 -1.00250043728425 1.36225126590595 -3.54292462462556 -1.62016083673394 0.890082087784518 -2.18070632000025 -1.71967200870482 1.69232437147536 1.29994614890753 1.95626150253218 0.804407084159124 3.0684657941175 0.991448303853444 1.30074875031977 -0.710185852796826 -1.93452377655993 -0.757840840051376 1.58241895403343 0.740714344113591 -0.542383905008785 1.13983230948834 0.313272323306402 2.68570482176424 -1.5835070153766 1.54342015528168 -0.259551378020605 3.9769639296506 -0.503663969011392 3.85121555967705 -3.07699176455972 -0.272205113788493 2.51389278533776 -0.910434797574382 2.24587910158971 1.32150473065193 2.10776336559142 -2.87617739195827 -1.58407046286781 -2.41068270760444 1.46584478752169 2.84008366872134 3.04234858801168 -1.77178802888397 -0.356532098775558 -0.869297052534581 -0.770958654897716 -0.997905328919555 0.926037264662954 -1.65110873074423 -1.70649117880293 -0.148117300345799 0.603034440298018 -0.970787431065844 0.421727874320035 0.701459834948068 -0.78241763447156 1.88096903646153 -1.11005615267728 0.591076501958938 1.55411863279721 -2.75930631793498 0.0838824263769894 2.70750439689594 0.377958931407157 4.34727559312266 1.34448895902636 -0.20983922229181 -1.42717775580338 -2.62187237229092 2.19992859158685 1.24601037511736 0.769799366686134 1.73684124708007 0.479330605609013 2.49572778402459 -2.23755278324597 3.55357953679499 1.14067455391943 -1.40028678035152 1.2669359269714 3.95383772294285 -4.18567983229854 -0.825362929532563 -1.1809671836777 2.75343886405237 -0.119019060916275 -0.652643523184864 -1.69851970012402 1.3624307462663 0.273794375428837 2.42966505285872 -1.49215425997844 -0.692430956242543 