# Created by Octave 2.1.35, Sun Apr 20 01:03:45 2003 UTC <kschef@localhost.localdomain>
# name: Gtest
# type: matrix
# rows: 2
# columns: 2000
 1.17351426184177 1.18842431902885 1.50923866033554 1.10977418720722 0.592512518167496 0.951901696622372 1.16527226567268 1.86392414569855 0.949548903852701 0.128976404666901 0.981954665854573 0.958303172141314 0.862778544425964 1.07843282818794 1.61140614748001 1.4889919757843 1.18213948607445 0.874985530972481 0.782487630844116 0.182202696800232 1.8035706281662 1.02377317287028 1.58756858110428 1.01341486163437 0.746922940015793 0.684758454561234 0.403997838497162 2.01747679710388 0.248977482318878 1.46380537748337 0.783135518431664 1.3303998708725 1.24877163767815 1.32006785273552 0.69223415851593 1.0251738037914 0.656004965305328 0.275744140148163 1.08655623346567 1.05158790573478 0.589424341917038 0.872824087738991 1.62738144397736 1.15622162818909 0.312019646167755 1.451650172472 1.57719260454178 1.25888246297836 0.89587028324604 1.74882912635803 0.634284734725952 0.301048398017883 1.91511970758438 0.591521888971329 1.1462314426899 1.10295179486275 0.596141040325165 0.601361721754074 1.36296224594116 1.50372046232224 1.38083192706108 0.521341383457184 1.15822520852089 1.9069716334343 0.187029004096985 1.32866257429123 0.752414807677269 0.78418593108654 0.900465533137321 0.967479690909386 0.854593515396118 1.56502330303192 0.287150382995605 1.4576444029808 0.458590745925903 1.57828313112259 1.08345406502485 1.19025625288486 1.10860891640186 0.147922456264496 0.536527842283249 1.57839804887772 1.9003044962883 1.03833275660872 1.86661553382874 0.770514234900475 1.22419552505016 1.14965087175369 0.338669121265411 1.12724021077156 0.240859270095825 1.41222831606865 0.898851834237576 1.51970499753952 1.09221947938204 1.16412621736526 1.34590938687325 0.444140732288361 1.04547496885061 0.524842172861099 1.3600038588047 1.82089495658875 0.942201368510723 0.427557766437531 0.935137763619423 1.22296074032784 0.187012553215027 1.1329358369112 0.85392926633358 1.92547911405563 0.731297343969345 1.06701585650444 0.245285332202911 0.862967699766159 1.18358321487904 0.346151232719421 1.27681228518486 1.57587397098541 0.720505505800247 1.92134273052216 1.59354037046432 0.734919130802155 -0.118408799171448 1.22486345469952 0.454659759998322 0.751913875341415 0.668193638324738 1.31284776329994 1.25505289435387 0.525568515062332 -0.0859572887420654 1.438152551651 1.05221851542592 0.800004333257675 0.724541962146759 0.770634487271309 1.04939953610301 -0.270215392112732 0.861302509903908 1.26942211389542 1.09325275570154 1.62408792972565 1.84986126422882 1.18034698069096 1.95069319009781 1.44599586725235 1.58676367998123 1.00220763799734 0.538090854883194 0.617615610361099 1.35091698169708 1.09212402999401 1.10560893267393 0.564351826906204 0.230448842048645 0.446592628955841 1.54726386070251 1.52873784303665 1.08745653182268 0.752940222620964 0.643629848957062 0.79914017021656 1.12340949475765 0.980751981958747 0.76150169968605 1.19306553900242 0.467750072479248 0.374534666538239 1.97968578338623 0.495946824550629 2.11412823200226 0.621008634567261 0.841724991798401 1.59258806705475 1.11844528466463 0.858473137021065 1.15170679986477 1.34297114610672 0.522357195615768 1.12231785804033 0.694298028945923 0.433660984039307 0.589226216077805 1.6997686624527 2.31410205364227 0.60299226641655 1.02359421737492 0.511283725500107 0.638849288225174 1.14040833711624 0.364955246448517 2.43012797832489 1.09447801113129 0.877287596464157 0.863212510943413 1.16390407085419 0.627721428871155 1.76334220170975 0.560904890298843 0.866923257708549 -0.198828458786011 2.32492661476135 0.658778488636017 0.698428124189377 1.29797205328941 1.51255077123642 0.851905003190041 0.576081454753876 1.16615200042725 0.35953152179718 1.04016355425119 1.25581938028336 0.925981678068638 0.705551028251648 1.93747019767761 1.1628952473402 0.81774514913559 0.545002937316895 1.32190489768982 0.619685053825378 0.94265103712678 0.608125776052475 1.09914660453796 1.55082100629807 0.275814414024353 0.724417954683304 1.11281265318394 1.79282426834106 0.790740951895714 2.16182172298431 1.76734673976898 0.889758862555027 1.48890608549118 0.906028866767883 0.795050233602524 0.943637266755104 1.71266949176788 1.49305579066277 0.970185317099094 1.44308951497078 0.853289976716042 0.192026615142822 1.12971819937229 -0.00199604034423828 0.90936317294836 0.648909747600555 0.843513935804367 1.46298483014107 0.607693523168564 0.76089146733284 0.679948776960373 1.10493906587362 1.16136004030704 1.29595625400543 1.10305866599083 1.9306383728981 1.16294893622398 1.38725638389587 0.766755998134613 1.1323105096817 1.48526641726494 0.954155843704939 1.58289724588394 0.975054167211056 0.738989651203156 1.11529876291752 0.557817190885544 1.42051717638969 1.01584966666996 0.282117366790771 1.98200047016144 1.19464740157127 0.622367352247238 1.14110599458218 1.53499203920364 0.900210358202457 1.27158659696579 1.30951300263405 1.16615003347397 0.679759234189987 0.937775827944279 1.04560790210962 0.993184129707515 1.30767634510994 1.9669936299324 1.07005377858877 1.73024880886078 0.596397638320923 1.03550983220339 1.93918287754059 0.487556636333466 0.27258163690567 0.808440372347832 1.01669803448021 0.858418181538582 0.995415933895856 1.19306375086308 1.12808960676193 1.36099162697792 1.2807229757309 0.63131183385849 0.962751936167479 0.810308665037155 1.84640192985535 1.29336842894554 1.17758177220821 1.2720091342926 0.98763269931078 2.00763440132141 1.25834462046623 1.02641767822206 1.02857846952975 -0.157716393470764 1.35314470529556 0.496757328510284 0.610791832208633 0.698930650949478 1.35108312964439 0.514347344636917 0.334179103374481 1.41535648703575 0.892636016011238 0.826064884662628 1.23111110925674 0.451640725135803 1.00306081515737 0.592696636915207 0.725366652011871 0.468267977237701 0.539958655834198 1.75062018632889 1.46610310673714 1.48045432567596 0.416851282119751 0.836980819702148 1.73795562982559 1.81284928321838 -0.285353660583496 0.886907868087292 0.689255446195602 0.615772813558578 0.179684638977051 1.73174250125885 1.16382430493832 1.27054408192635 0.775526076555252 1.48792111873627 1.19705282151699 1.15564547479153 1.21576011180878 1.59507137537003 0.507345736026764 1.37156841158867 0.970263103023171 0.4405876994133 0.673461347818375 1.07397296279669 0.370591402053833 0.600124001502991 1.18080726265907 1.74532449245453 0.81543955206871 0.990913663990796 0.76035949587822 0.565277010202408 0.804495990276337 1.17151769995689 1.33466222882271 0.505920708179474 0.814663141965866 1.48427331447601 0.955154430121183 0.266012132167816 0.379680097103119 1.32046514749527 0.351747035980225 0.107324123382568 1.04154517501593 0.772360950708389 -0.225929141044617 1.23600372672081 1.48674419522285 0.71899625658989 1.42631649971008 1.23235164582729 1.90259021520615 1.06594383716583 1.28069213032722 1.19772152602673 2.2297774553299 1.42467072606087 0.927417002618313 1.25430771708488 1.42981600761414 0.517909467220306 1.35581773519516 0.684889167547226 1.10194177180529 0.939944125711918 0.72317311167717 1.87612694501877 1.1926746815443 1.31546205282211 1.72097128629684 1.52821779251099 0.998227281612344 0.796939641237259 1.07411624491215 1.0687800347805 1.68678832054138 1.02542702108622 1.22876566648483 1.9036877155304 1.16673596203327 0.842039212584496 1.05901163071394 0.442619919776917 0.488350391387939 0.472937643527985 1.61713707447052 1.9159306883812 1.38308176398277 0.997275857720524 0.824172496795654 0.432643830776215 0.716196358203888 0.957601498812437 0.00459533929824829 0.754124075174332 1.25986841320992 1.42469543218613 1.72567540407181 1.46882721781731 0.868198961019516 1.19907635450363 0.965044029057026 0.998178450390697 1.71207576990128 1.17321661114693 0.95941449329257 1.40311852097511 0.629900485277176 1.21913295984268 0.590529829263687 0.65101557970047 0.947266343981028 1.11114523559809 0.621360242366791 1.01748448424041 0.799740448594093 1.74900752305984 