# Created by Octave 2.1.35, Sun Apr 20 01:02:45 2003 UTC <kschef@localhost.localdomain>
# name: X1
# type: matrix
# rows: 2
# columns: 1000
 0.029455840587616 1.20763531327248 1.80706125497818 0.780459955334663 1.52093297243118 0.702459573745728 0.261210262775421 0.506389379501343 0.49277400970459 1.46077418327332 1.51585382223129 2.06343650817871 0.670729398727417 1.6386353969574 1.8760958313942 0.904721856117249 0.599601536989212 0.597486734390259 0.828967183828354 1.54145073890686 -0.444684147834778 0.551720052957535 0.968519486486912 1.59687483310699 0.941315822303295 1.49984151124954 1.44315147399902 -0.238580703735352 0.604652881622314 1.15653206408024 0.841626957058907 0.781435623764992 0.850366324186325 1.40294751524925 1.01864776201546 1.41652238368988 1.38619497418404 1.55653446912766 1.39633494615555 0.817120119929314 1.09951078891754 0.558982640504837 0.221643328666687 0.834530010819435 1.63729733228683 0.713258683681488 0.535753548145294 1.02179459482431 1.51641929149628 0.496223628520966 1.04365052655339 1.29079908132553 0.609909147024155 1.0144808338955 0.572119921445847 0.977110050618649 1.64931225776672 1.72559690475464 1.19322218000889 0.440453469753265 1.0435830168426 1.08988849818707 1.6849210858345 1.17887845635414 1.77815145254135 0.790948867797852 1.08953334391117 0.707867056131363 0.0503544211387634 0.894025325775146 0.940226748585701 0.954947043210268 2.36897838115692 1.02884669788182 1.72002577781677 1.13569957017899 0.483445882797241 0.911288037896156 0.479449093341827 1.524807035923 0.919730722904205 0.910732321441174 0.719401448965073 0.82633176445961 1.25296786427498 0.219464659690857 1.31799739599228 1.45496842265129 0.721797287464142 0.768949791789055 0.375553667545319 0.73425817489624 0.678981602191925 0.336909830570221 0.816376134753227 -0.280221223831177 0.642422407865524 0.237265944480896 0.976086534559727 1.04640188068151 0.383854269981384 1.9312761425972 0.651144981384277 0.748957246541977 0.912490271031857 0.487809836864471 1.6903156042099 0.544951319694519 1.12098384648561 -0.0330328941345215 0.905896872282028 0.785745486617088 0.857112422585487 0.93206875026226 0.182151019573212 0.61324867606163 1.18860159814358 0.785778120160103 0.656333327293396 2.1267009973526 0.901503801345825 0.314307570457458 0.899602860212326 0.383891224861145 1.08501067012548 0.776499271392822 0.828714653849602 1.47479805350304 1.44268065690994 0.665020734071732 1.56262844800949 0.831756711006165 1.27285403013229 0.522034049034119 0.144356250762939 0.726651310920715 1.55137521028519 1.1386374682188 1.30447974801064 1.42237764596939 1.47723463177681 0.60401114821434 0.948417384177446 1.54829949140549 1.19742031395435 0.651106327772141 2.16675007343292 1.40134632587433 0.306962966918945 0.950519002974033 1.86542856693268 1.73846197128296 1.06993568688631 0.990511124022305 1.44633802771568 1.58170020580292 1.52543044090271 0.733999162912369 0.850992068648338 0.049701988697052 1.42605242133141 1.00572152808309 0.776741147041321 1.29758962988853 0.856884628534317 0.701791256666183 0.541492819786072 0.244490087032318 1.3717797100544 1.01409418042749 0.583718746900558 0.163616716861725 1.02459945343435 0.0476440787315369 1.01698860526085 1.05486660450697 1.87838423252106 0.438335478305817 1.16475278139114 0.153505146503448 0.863614410161972 1.66772228479385 2.06443989276886 0.0991374850273132 0.609427034854889 0.359194040298462 1.220130905509 1.1197302043438 1.81124609708786 1.61433917284012 0.750933706760406 0.625436902046204 1.92597126960754 0.988139931112528 1.19049176573753 0.729485630989075 1.29169121384621 0.771237567067146 1.10671827942133 0.518459469079971 1.02538477629423 0.788809508085251 -0.15653657913208 0.705010145902634 1.5661888718605 1.50178414583206 0.831984579563141 0.894559912383556 2.3581371307373 -0.0426816940307617 1.33686006069183 0.711039453744888 1.89509665966034 1.3607449233532 1.1975421756506 0.721125274896622 1.20762863755226 0.220148265361786 1.37580531835556 0.829959288239479 1.01247244607657 0.762501835823059 0.92254450917244 0.828250959515572 1.39132821559906 1.61100077629089 0.903093449771404 0.916195869445801 0.895193107426167 1.70110660791397 0.979808550328016 1.19009689986706 1.46501111984253 0.795753642916679 2.24431979656219 0.586963206529617 1.51251322031021 1.05401696637273 0.644079446792603 0.747617095708847 0.812618419528008 0.716087192296982 1.63140028715134 1.53403186798096 0.964559238404036 1.65240293741226 0.922691166400909 1.1907546967268 0.608269780874252 0.85605725646019 1.30462968349457 1.30629846453667 1.76231229305267 0.576657354831696 0.916835963726044 0.615983814001083 0.817588210105896 2.02739000320435 0.985228901728988 0.743002265691757 1.74831849336624 -0.79221498966217 1.40365898609161 0.571834802627563 0.710284411907196 1.45277971029282 1.7053314447403 0.46995735168457 0.547570794820786 -0.0688276290893555 1.50167506933212 1.57120496034622 0.574124574661255 0.551355361938477 0.796611204743385 1.44349834322929 1.83663702011108 0.400150001049042 1.32867202162743 0.214838325977325 0.240285515785217 1.09168931096792 1.01079728920013 0.564988940954208 0.797062322497368 1.27121019363403 0.867507770657539 0.786622777581215 1.51484775543213 0.887275084853172 1.34863075613976 1.11625181138515 0.855368077754974 0.625213652849197 0.086799144744873 1.02903419174254 0.783311814069748 0.219302535057068 1.42280608415604 0.125464677810669 0.862215176224709 0.457187294960022 0.541540712118149 1.57222694158554 1.26794773340225 1.20642884075642 0.0427097082138062 0.332950949668884 1.51743191480637 1.32553744316101 0.556129962205887 1.05630434304476 0.900560982525349 1.40713521838188 -0.218737483024597 1.40465238690376 0.630821347236633 -0.0260511636734009 0.28311949968338 1.12610022723675 0.841793075203896 0.599326521158218 1.12473233044147 0.580071270465851 1.12431537359953 1.24426326155663 0.130033791065216 1.59762614965439 1.33366742730141 0.878335580229759 1.25730317831039 0.672135680913925 0.824292346835136 1.25079697370529 1.10840507596731 1.00495801912621 0.352538049221039 0.95840023458004 0.783710911870003 1.24874049425125 1.62664616107941 0.378542721271515 -0.0601910352706909 -0.172366738319397 0.613371878862381 0.926365613937378 1.58365172147751 0.781806692481041 0.560329884290695 1.14994846284389 2.02600800991058 1.93410336971283 0.348338723182678 1.94140386581421 1.02331179752946 1.0193049274385 0.975995922461152 1.01131288893521 0.221723556518555 1.33618354797363 1.0244063641876 0.906242795288563 0.905559748411179 0.749085068702698 1.20073230564594 0.88003534078598 1.00143353105523 1.35124489665031 0.658713608980179 0.704334378242493 1.2755531668663 0.728733867406845 1.62590700387955 0.474865555763245 0.18188750743866 0.922646276652813 -0.236714720726013 0.684761375188828 1.31193763017654 1.25096011161804 1.12593029439449 0.81035241484642 0.815651759505272 0.482535839080811 0.869020715355873 -0.0589761734008789 0.0820963382720947 1.63338935375214 0.703749775886536 0.337590932846069 0.521881878376007 0.727985352277756 1.24628902971745 1.26281398534775 1.66570591926575 1.64257180690765 0.622773259878159 1.48802772164345 0.636798083782196 0.87084735929966 0.634732872247696 0.881928190588951 0.335562229156494 0.918861493468285 1.07866583019495 1.02691967599094 0.384491264820099 1.80184352397919 0.543492496013641 1.52807927131653 0.636749356985092 0.179531276226044 1.26277643442154 0.256879031658173 1.63781636953354 1.88411962985992 0.811232432723045 1.22650317847729 1.00380785623565 0.800220787525177 0.0542321801185608 0.868567854166031 0.594277560710907 0.769407585263252 0.795928180217743 1.34918782114983 0.447827696800232 0.954195935279131 1.01648413203657 1.40860199928284 1.67292922735214 1.74778020381927 1.35495367646217 1.12318318337202 0.663810074329376 0.858841985464096 1.02575657330453 1.08091086894274 0.850402846932411 1.92544454336166 1.61112260818481 0.894228957593441 1.01242545899004 0.790145993232727 1.13953785598278 1.28771796822548 0.358056843280792 2.23001348972321 