# Created by Octave 2.1.35, Sun Apr 20 01:11:27 2003 UTC <kschef@localhost.localdomain>
# name: Htest
# type: matrix
# rows: 2
# columns: 1998
 1.11051087379456 0.947154718637466 1.09388256669045 1.0785086274147 1.03144985437393 0.998139016516507 0.777731895446777 1.14857337474823 1.02137558758259 0.867455732822418 1.01932829022408 1.16823619604111 1.06221489906311 0.893768298625946 1.07772697210312 0.957194593548775 1.22493612766266 1.13929454088211 0.988005174696445 0.986067901551724 0.915535742044449 0.858833992481232 0.91102979183197 1.2192476272583 1.01771091222763 1.19179615974426 0.989036622643471 1.01250560283661 0.901946967840195 0.997807502560317 1.07163600921631 0.958122155070305 1.01760205030441 0.931434059143066 0.729482460021973 0.982549399137497 0.92253183722496 0.963842704892159 0.983631254732609 0.935911899805069 0.97758231908083 0.924785780906677 1.0541885137558 1.06257325410843 1.00115226786584 0.99964947947301 1.00998576432467 1.02801108062267 0.932036793231964 0.851347362995148 1.10962134599686 0.871973097324371 0.946541059017181 1.17287039756775 0.923906809091568 0.898622703552246 1.16605387926102 1.17553234100342 0.843994426727295 1.00999912619591 1.21040480136871 1.00057267365046 1.01031654849648 0.821343600749969 0.868394243717194 1.12949464321136 0.985770615935326 1.0497877985239 1.09797892570496 0.990753608942032 0.892286062240601 0.984630519151688 1.0008294695057 0.946412467956543 0.848697555065155 1.07581812143326 0.985767157375813 1.1555383682251 1.0746532022953 0.868492770195007 0.924316716194153 1.08276456594467 1.14225050210953 0.996314074471593 0.914242762327194 1.02230730801821 1.02999075353146 1.07012484669685 0.833426713943481 0.873653435707092 0.884254324436188 0.933025318384171 0.908672797679901 0.945976787805557 0.961424952745438 1.20525045394897 1.27285141944885 1.01226520463824 0.945880270004272 0.939627748727798 0.955663204193115 0.863232505321503 1.09487020969391 0.955585762858391 0.881043684482574 1.08627632856369 0.995616047084331 0.999974876441411 0.953798615932465 0.874725985527039 1.02385926693678 1.00577633716166 0.975722716748714 0.887783014774323 1.10293743610382 1.03928267359734 1.06906834244728 0.91323264837265 0.796329092979431 0.987848933041096 1.01274118721485 1.23545207977295 1.09202278852463 1.04993525445461 1.00063957450911 0.997205255739391 1.11889275312424 1.27083549499512 1.07293170690536 0.936860942840576 0.913322824239731 1.00965821743011 1.03019625246525 0.94913786649704 1.21050772666931 1.02742250859737 1.04386231303215 0.923597812652588 0.99408574514091 1.05983801484108 1.0738993704319 1.0859787106514 0.988503003120422 1.00086621586233 0.809095478057861 0.999182045646012 1.06802109479904 1.04345168471336 1.17290525436401 1.07250416278839 1.0520533144474 0.930665016174316 1.01220420897007 1.11960779428482 1.15441629886627 0.971344572305679 1.04456295967102 0.949131196737289 1.14857085943222 1.00387890338898 0.968340128660202 1.12465025186539 0.985327416658402 0.888880085945129 0.952342486381531 0.996027689427137 1.14759559631348 1.17687978744507 1.22500789165497 0.952948328852653 1.03219264447689 1.07902879118919 0.944070422649384 0.8648353099823 0.947607755661011 0.847617447376251 1.10069224834442 0.964465302228928 1.10835491418839 1.07054340839386 0.924614769220352 1.20041372776031 1.02876150906086 1.10408048629761 1.06814823746681 1.04901683330536 1.10847206115723 0.875942802429199 1.02792271375656 0.96518027484417 0.919535332918167 1.01979261338711 0.817785501480103 1.05458645224571 1.1680317401886 1.15874590873718 0.725354766845703 1.01327860951424 1.1250590801239 1.08779588341713 1.19334505796432 1.03278597295284 1.04426883161068 0.87044825553894 1.09646252393723 1.058494836092 0.916625887155533 0.886403822898865 1.06955161690712 0.962576445937157 1.02465406060219 1.18728592395782 1.12235722541809 0.970291543006897 0.917071217298508 1.03434906899929 1.09656038284302 0.899055254459381 1.02510513663292 1.01181452348828 1.01998307853937 0.952657943964004 1.19550428390503 1.08644803762436 0.897894620895386 0.982138501107693 0.829336190223694 0.973743849992752 1.06095123887062 1.12278001308441 1.07181349396706 0.978536525368691 1.05582006573677 1.03907227516174 1.12078337669373 1.07954855561256 0.968170714378357 1.02931127250195 0.910739475488663 1.02866826057434 0.970383974909782 1.03391869068146 0.922600489854813 0.846397054195404 0.998710424266756 0.952874711155891 0.956645047664642 1.00584029667079 0.934601587057114 0.895092272758484 0.874292314052582 0.971360510587692 1.1133752822876 1.00026546127629 1.17065351009369 1.00489860400558 0.90063613653183 1.02219502478838 1.02206678986549 1.01411234140396 0.950068575143814 1.02540094256401 1.03682787716389 0.851472878456116 1.09545742273331 0.861602735519409 0.970219859480858 0.989447180181742 1.18647648096085 1.03918954432011 1.05755737423897 1.07068608999252 1.10593992471695 0.902647668123245 1.02009519785643 1.08151296377182 1.06626088023186 0.965087148547173 1.0852156996727 0.949015814065933 1.13956745862961 0.899702036380768 0.884661519527435 0.965557050704956 1.05600170493126 0.873645329475403 0.992864965647459 1.07531155347824 0.921063733100891 0.833853006362915 0.904886424541473 0.954376018047333 1.17518099546432 1.06331845521927 1.01195142790675 1.11040350198746 0.789009308815002 0.941071927547455 0.773251128196716 1.07016402482986 1.28510239124298 0.959948039054871 1.01872520297766 0.86774423122406 1.05500794649124 1.06886909008026 1.01478773355484 1.01484977602959 0.885954558849335 1.07124419808388 1.07398334145546 0.996995498239994 1.04748236835003 1.02809021472931 0.859071028232574 1.08549158573151 0.940264183282852 0.971455127000809 0.857741439342499 1.16358152627945 0.883366429805756 1.11932609081268 0.980223433673382 1.02260446995497 1.03767154216766 0.975419154763222 0.870973026752472 0.877054131031036 0.821705305576324 1.13273530006409 0.969394645094871 1.11086432933807 0.958948868513107 -0.563253092765808 -0.4800436809659 -0.513386057317257 -0.597698771953583 -0.536521810293198 -0.387006378173828 -0.525584331154823 -0.498248956911266 -0.40976322889328 -0.336192798614502 -0.515646520256996 -0.485230350494385 -0.735604214668274 -0.492274256795645 -0.754749464988709 -0.536384949088097 -0.666295206546783 -0.556183105707169 -0.537747895717621 -0.390656185150146 -0.725731325149536 -0.555084753036499 -0.495317388698459 -0.539220449328423 -0.385883593559265 -0.622396266460419 -0.578096407651901 -0.422873157262802 -0.555501353740692 -0.379653036594391 -0.535065615177155 -0.406309628486633 -0.52412171214819 -0.302889180183411 -0.555711948871613 -0.545889276266098 -0.505452895909548 -0.673661506175995 -0.498869429063052 -0.645298051834106 -0.46518052816391 -0.236134743690491 -0.513680796325207 -0.497776543349028 -0.435643601417541 -0.468411740660667 -0.626257753372192 -0.36713935136795 -0.65442351102829 -0.66744567155838 -0.840160727500916 -0.618575513362885 -0.380337178707123 -0.597861325740814 -0.629808807373047 -0.684704744815826 -0.640201079845429 -0.55842649936676 -0.668151485919952 -0.376334750652313 -0.535774117708206 -0.705482482910156 -0.590557342767715 -0.456858178973198 -0.481305813789368 -0.319705474376678 -0.57744145989418 -0.607388401031494 -0.358221971988678 -0.600802612304687 -0.599769848585129 -0.633076202869415 -0.490086162090302 -0.564850091934204 -0.78214852809906 -0.414850008487701 -0.428372782468796 -0.328301048278809 -0.522229652106762 -0.506357566267252 -0.436484634876251 -0.510607455670834 -0.334754526615143 -0.310932087898254 -0.438407278060913 -0.449731379747391 -0.555284607410431 -0.607797825336456 -0.482967293262482 -0.517425134778023 -0.366901636123657 -0.606384229660034 -0.488001284003258 -0.563107287883759 -0.376020538806915 -0.511053823679686 -0.607015311717987 -0.656718409061432 -0.60161304473877 -0.489711268991232 -0.509126931428909 -0.277418947219849 -0.431684982776642 -0.507854594290256 -0.485315947234631 -0.535072436928749 -0.50446712449193 -0.466663372516632 -0.605498349666595 