# Created by Octave 2.1.35, Sun Apr 20 01:10:45 2003 UTC <kschef@localhost.localdomain>
# name: X1
# type: matrix
# rows: 2
# columns: 999
 1.12443625926971 1.04935921430588 1.08032574653625 0.90900291800499 1.03932864665985 1.08735244870186 0.989584695547819 0.919813317060471 1.06994493603706 1.03771752715111 1.20237362384796 0.89044736623764 0.940615284442902 1.02323876172304 0.938455313444138 1.06184346675873 0.899828541278839 0.947195595502853 0.982142321765423 0.914723134040832 1.14836804866791 0.806716120243072 0.852181577682495 1.08897923231125 1.15464754104614 0.958766651153564 0.826318895816803 1.02186423540115 0.989486743509769 1.01261187791824 1.13950878381729 0.880437660217285 1.12018102407455 0.897476148605347 1.1528466463089 1.08632109165192 1.02846992313862 1.00807754471898 1.0532830119133 0.975634199380875 0.980584266781807 1.05064904093742 1.03278686702251 0.969211518764496 0.980897106230259 1.02377409189939 0.981658816337585 0.962489259243011 0.845879924297333 0.844718599319458 0.908666926622391 0.967045474052429 1.07151829600334 1.04133010804653 1.02542860209942 1.05053808689117 1.08097586035728 1.01517038941383 1.09053595662117 1.02376381754875 0.976183919608593 0.998667171597481 1.14747843742371 1.19297411441803 1.04819912612438 1.06637402176857 0.918540686368942 0.985251480340958 1.02693377435207 1.0543673157692 0.876626181602478 0.996958512254059 0.962681478261948 1.07177154421806 1.071374386549 0.976846760511398 1.26684463024139 1.0425036996603 1.06016280651093 1.09943860769272 0.968623259663582 0.998403677344322 1.07333568334579 1.10917879343033 0.945213627815247 0.982172824442387 1.03832043409348 1.16226300001144 0.882598602771759 0.907816034555435 1.12190320491791 1.02573988437653 0.937148433923721 1.11751168966293 1.18075330257416 0.853672301769257 0.921019017696381 1.11601147651672 1.05178585648537 0.964994537830353 1.05582565069199 1.04434185028076 0.960203894972801 1.01633878648281 1.12488378286362 0.878807640075684 1.13777589797974 0.992764976620674 1.01169370934367 1.05873702764511 0.847293388843536 1.03841849565506 1.00969811528921 1.1048879981041 0.788505744934082 1.24821693897247 0.974481096863747 1.12132482528687 0.948880398273468 0.969909369945526 1.12087134122849 1.04969970285892 0.907414364814758 1.16327438354492 0.893861854076386 1.04945810735226 1.08888667821884 1.0561230301857 0.871393692493439 1.00056353649125 0.917905682325363 0.934232217073441 0.851745927333832 1.0489245057106 0.870843243598938 1.04958525002003 0.991180881857872 0.914810448884964 0.947358822822571 1.06523680686951 0.867347228527069 0.963054460287094 1.00473167560995 1.00024192992132 1.0270465940237 0.944629204273224 1.02436813861132 1.07805193662643 1.01746743917465 1.00990554839373 0.949770349264145 0.933544248342514 1.03075070977211 0.957226273417473 0.944611537456512 1.06658640503883 0.95965131521225 0.854300701618195 0.875261473655701 0.971623352169991 0.991395821422339 0.988170454651117 0.91063472032547 0.896121656894684 0.986302173137665 1.10988192558289 0.975178499519825 0.836826407909393 1.14534993171692 0.922071975469589 0.93013870716095 1.19932012557983 0.918217295408249 0.914156556129456 1.08083803653717 1.00185316056013 0.921655941009522 1.02109417617321 1.08076936602592 1.01373770236969 0.995031956210732 0.976942904293537 1.07708566188812 0.849900710582733 0.896152758598328 1.0737216770649 1.09079136252403 0.724581050872803 0.968448421359062 0.884595763683319 0.944109600782394 1.02218875586987 0.928437358140945 1.04648246467114 0.682814621925354 1.09771314263344 1.11089342832565 1.00960394516587 0.823752450942993 0.908736306428909 0.944220346212387 0.864490628242493 1.23166706562042 1.0251733481884 0.908828234672546 1.01728520393372 1.11878038644791 1.13434880971909 1.03268257975578 0.991027615964413 0.864694952964783 1.05863404273987 1.1183962225914 0.967697581648827 1.11047368049622 0.940156412124634 1.02372732460499 1.07134286761284 1.0028906667605 1.06013140678406 1.01631044745445 1.17270128726959 0.932197266817093 1.12060760259628 1.11257303953171 0.936006224155426 0.98085824996233 0.987364846467972 0.991396620124579 1.10686271190643 1.03283870220184 1.07946121096611 1.04483150839806 0.84367972612381 0.974211099743843 0.993692300468683 0.900556355714798 0.982462683320045 1.11541990041733 1.03081014454365 0.997263673692942 1.0359291613102 1.09456235170364 1.07378853559494 0.931972724199295 0.971682891249657 0.914358377456665 1.00647456869483 0.916189205646515 0.976293860375881 1.07051096558571 1.05340854525566 1.03683923482895 0.982966519892216 0.969058108329773 0.765956711769104 0.792471432685852 1.17398244142532 0.991689451783895 0.927484041452408 0.976030869781971 1.07321807146072 1.13290419578552 1.12541131973267 1.00922439917922 1.17602016925812 0.938325029611587 0.961903968453407 1.02970313131809 1.10306297540665 0.897415709495544 0.911877465248108 0.864656341075897 1.01510917544365 1.09014678001404 0.961888635158539 1.00516565665603 1.05935145616531 1.07779629230499 1.08293522000313 1.02598739564419 1.05801163315773 0.853317177295685 1.15362473726273 1.09549624919891 0.83462747335434 1.0953792154789 1.03096065819263 1.09163336753845 0.875919389724731 0.999621781031601 0.877227354049683 1.00238123610616 1.05235818624496 0.992139814049006 0.996035535261035 0.927843832969666 0.980605727434158 1.11220480203629 0.993383437395096 1.11139101982117 0.803356564044952 1.04170296788216 1.01020714268088 1.00256539303809 1.06739633083344 0.816817688941956 0.954083472490311 1.01860103011131 0.885881817340851 1.05247918963432 0.956679823994637 1.02141399383545 1.05357907414436 0.999863080587238 0.787930774688721 0.903256970643997 0.880290794372559 0.960280382633209 0.858993351459503 0.815776741504669 1.03432873487473 1.05356474518776 0.785447430610657 1.03501445353031 0.861865425109863 0.916204923391342 0.880645430088043 1.04399249851704 1.07573810815811 1.02639920711517 1.06222816109657 1.02454995363951 -0.656338775157928 -0.473213240504265 -0.46505471765995 -0.528765067458153 -0.402846699953079 -0.506724622100592 -0.570807003974915 -0.328413844108582 -0.345436060428619 -0.513896062970161 -0.523693838715553 -0.667554795742035 -0.478485484421253 -0.57715830206871 -0.593334460258484 -0.582029044628143 -0.617466413974762 -0.383399629592896 -0.432657730579376 -0.49591102451086 -0.528230336308479 -0.46159320473671 -0.433922481536865 -0.496868896856904 -0.429680967330933 -0.643384695053101 -0.496053835004568 -0.377443897724152 -0.620678901672363 -0.686296892166138 -0.410499894618988 -0.470754987001419 -0.538237676024437 -0.397978901863098 -0.511960231512785 -0.634831202030182 -0.517605935037136 -0.691017353534699 -0.407156717777252 -0.520608098804951 -0.566796720027924 -0.52353226095438 -0.706748032569885 -0.426156687736511 -0.544796842336655 -0.388319373130798 -0.246030211448669 -0.529697465896606 -0.585485064983368 -0.572788709402084 -0.565335059165955 -0.568405371904373 -0.44515238404274 -0.423371708393097 -0.538628706336021 -0.424804747104645 -0.569587904214859 -0.66327645778656 -0.395722043514252 -0.611846113204956 -0.457643565535545 -0.434963208436966 -0.436883056163788 -0.59676605463028 -0.35647759437561 -0.355887567996979 -0.528050169348717 -0.507336182147265 -0.605021214485168 -0.583832436800003 -0.450069928169251 -0.591791534423828 -0.609293866157532 -0.526715815067291 -0.486280676722527 -0.46507915854454 -0.492521484941244 -0.780492305755615 -0.43109855055809 -0.513266821205616 -0.493123511970043 -0.431960946321487 -0.740143966674805 -0.522294637560844 -0.651751220226288 -0.603681421279907 -0.429581665992737 -0.498971522692591 -0.527509453892708 -0.438525211811066 -0.485134668648243 -0.596585607528687 -0.6146200299263 -0.405806213617325 -0.594534873962402 -0.637734270095825 -0.591329294443131 -0.516048291325569 -0.56009703874588 -0.454704850912094 -0.539796742796898 -0.598733484745026 -0.474410930275917 -0.578946727514267 -0.480857226252556 -0.579798233509064 -0.622643733024597 -0.608390891551971 -0.485565634071827 