# Created by Octave 2.1.35, Sun Apr 20 01:32:49 2003 UTC <kschef@localhost.localdomain>
# name: Itest
# type: matrix
# rows: 2
# columns: 2000
 -1.05901659652591 -1.08247651487589 -0.922282318621874 -1.08760933816433 -0.960205918252468 -0.846876130998135 -0.891751473881304 -0.857333837440237 -0.771736029684544 -0.818061031685211 -0.821316193044186 -0.787486140355468 -0.716438440829515 -0.78382648691535 -0.75260525316 -0.644135133177042 -0.609033115506172 -0.60153369218111 -0.746884106993675 -0.622661903388798 -0.529777018725872 -0.636671392172575 -0.56681920722127 -0.454595931768417 -0.558688637316227 -0.546725753694773 -0.492084638699889 -0.442599360868335 -0.456332777217031 -0.459496146142483 -0.33453972786665 -0.508587394952774 -0.426981233656406 -0.313394311964512 -0.332133572250605 -0.267736504971981 -0.20838192731142 -0.315684801191092 -0.156252575814724 -0.275906679481268 -0.25121186748147 -0.20216980420053 -0.163143948270008 -0.253022893667221 -0.146477634906769 -0.15875126644969 -0.091244242079556 -0.0603617365728132 -0.0367412094119936 0.0587817165255547 0.0138086220249534 0.02766805652529 0.219425209760666 0.00616295024752619 0.0914076472818852 0.0327797144651413 0.126334755104035 0.203115783035755 0.158207697179168 0.176649229200557 0.158255931735039 0.153677069842815 0.424175938367844 0.29196033462882 0.331443036645651 0.321619580686092 0.282475534528494 0.334662168901414 0.22902017891407 0.468907912373543 0.443082144111395 0.401113564223051 0.389385982006788 0.491105898320675 0.502408198565245 0.486311382614076 0.479598295390606 0.497583051174879 0.506931976824999 0.634407685995102 0.567152699828148 0.653914558589458 0.609180775806308 0.635958252325654 0.557969458699226 0.668005415052176 0.828014240860939 0.785332871377468 0.75878972733859 0.749082811847329 0.849034360796213 0.927276037335396 0.795750502645969 0.786976092159748 0.86377251625061 0.898631586669944 0.889212640076876 0.910788421109319 0.995860288888216 1.0521822604537 -0.982782237231731 -0.945315073728561 -0.94498974647373 -0.876228796839714 -1.00989129215479 -0.956974202394485 -0.804163863062859 -0.882170174866915 -0.944368075728416 -0.779737535566091 -0.791672060452402 -0.748575250357389 -0.713355181962252 -0.649346215426922 -0.680834234952927 -0.666088011860847 -0.692667894363403 -0.61324169844389 -0.6479250568524 -0.702476824522018 -0.567672776430845 -0.570403922274709 -0.523443107903004 -0.605424352884293 -0.471677195727825 -0.376740254461765 -0.446938886791468 -0.523808485865593 -0.34075696259737 -0.433541710563004 -0.372800150513649 -0.378243351932615 -0.339372542351484 -0.246935252249241 -0.387768819630146 -0.348856373876333 -0.31963728249073 -0.117503980398178 -0.0904576683044434 -0.188541640788317 -0.310342502593994 -0.145638477355242 -0.161717616454698 -0.0892020085453987 -0.117426380170509 -0.0951309179887175 -0.0281354020535946 -0.150305395424366 -0.0604040370881557 0.119048635959625 -0.0463371016085148 -0.0732744964957237 0.080476143360138 0.0727195939421654 0.159322248697281 0.0421353042125702 0.180198582708836 0.230909235179424 0.118215527236462 0.17011982884258 0.208822263218462 0.19344041056931 0.234043770246208 0.270457725264132 0.242030883878469 0.347160800546408 0.290926102250814 0.276411879956722 0.424945966005325 0.307456222474575 0.332315900921822 0.352795196771622 0.371229673326016 0.481750504150987 0.504144671857357 0.516063094139099 0.533919814489782 0.421505571305752 0.627222267389298 0.545183567255735 0.654880894720554 0.593267201334238 0.701733990907669 0.640021199211478 0.783798642754555 0.636108261346817 0.675218385905027 0.80036064773798 0.72398051455617 0.723406295031309 0.823226095363498 0.717687166929245 0.795463137477636 0.808710694909096 0.866014625057578 0.895606959797442 0.929540421888232 0.948407938294113 0.954735031854361 0.917401287257671 -0.926030993461609 -0.906672279834747 -1.07351227760315 -0.911981421113014 -0.924026511218399 -0.906444605533034 -0.771745366156101 -0.830808912068605 -0.819552872478962 -0.764454375654459 -0.747652772068977 -0.772453083861619 -0.707286151349545 -0.711346000209451 -0.674534035176039 -0.690607693791389 -0.666591546796262 -0.791993904709816 -0.591874583959579 -0.616241627959535 -0.535634955763817 -0.519772713929415 -0.568434012532234 -0.613286317288876 -0.502715532183647 -0.470406673848629 -0.564902338683605 -0.428052227050066 -0.456572121530771 -0.508332019746303 -0.419929075613618 -0.441412215232849 -0.371506269685924 -0.283718485534191 -0.404380067884922 -0.394499610364437 -0.319840895682573 -0.26771795399487 -0.299672560542822 -0.232833156622946 -0.176909460499883 -0.138764649927616 -0.0926083734631538 -0.135665477123111 -0.12304913520813 -0.093370768148452 -0.0807866075611673 0.0706515485048294 0.0246742507815361 0.0187346372008324 -0.0373528525233269 0.0338513324782252 0.121292785704136 0.0682066217437387 0.168711984455585 0.20132909566164 0.124714248236269 0.168652047738433 0.207679021954536 0.250884749293327 0.192711492814124 0.123708003461361 0.276211892962456 0.26993425771594 0.196703954339027 0.244075539708138 0.332033854611218 0.295273594707251 0.406680275350809 0.504350436031818 0.297480539977551 0.448938909992576 0.346745560467243 0.455242962613702 0.444838478714228 0.57744799554348 0.506536532640457 0.585406047254801 0.617576030492783 0.603713242262602 0.519675469398499 0.724728348553181 0.688847120255232 0.681525936201215 0.732933074533939 0.724060601368547 0.65310110270977 0.665504773855209 0.824854219555855 0.874993755221367 0.825162884965539 0.798074608370662 0.87781682997942 0.952779844999313 0.912184943556786 0.926323711499572 0.925210877396166 0.955394211746752 0.886312990486622 0.960527464300394 -0.922805353999138 -0.919736433327198 -1.02717197597027 -0.88586144015193 -1.03934150755405 -0.887621892243624 -0.890358761064708 -0.907529671341181 -0.848436059579253 -0.925096220970154 -0.692838843166828 -0.832189197391272 -0.70868141040206 -0.753273156248033 -0.712192971054465 -0.626627047359943 -0.6547573453933 -0.765052620172501 -0.70141971796751 -0.617583886608481 -0.580611437931657 -0.541957678198814 -0.586512447744608 -0.587704391181469 -0.583234895467758 -0.555388029664755 -0.596365939378738 -0.462652442781255 -0.428644808530807 -0.430213784873486 -0.336735801398754 -0.416014977842569 -0.372900866568089 -0.407972272634506 -0.285483114123344 -0.274100694060326 -0.208309544920921 -0.27359417103231 -0.376191785335541 -0.200802269652486 -0.289920021593571 -0.140812423378229 -0.284127440154552 -0.126970419995487 -0.145645356625319 -0.168515710532665 -0.154014157056808 -0.163174231946468 0.0269104754924774 -0.094271947145462 0.100031107664108 -0.0856024804711342 0.0495551712438464 0.106638887375593 -0.025461061000824 -0.0264547705650329 0.0283791226148606 0.0991457769274712 0.229191545248032 0.0531006383895874 0.176640988141298 0.222329078968614 0.247814198732376 0.282833839058876 0.302583276033402 0.278137167170644 0.309179854281247 0.352034020386636 0.303166665732861 0.355542536005378 0.382064343988895 0.420053909461713 0.435071219280362 0.399973145723343 0.479673624959542 0.419216796755791 0.548029832988977 0.474541523456574 0.643770722150803 0.547759873718023 0.626065988466144 0.565143099874258 0.672369963824749 0.708028562217951 0.615475192964077 0.684055241569877 0.698057282045484 0.818289300203323 0.696804853379726 0.770558219142258 0.777200262248516 0.809632554352284 0.774128530323505 0.700037435293198 0.881692507998087 0.969675303995609 0.96168451204896 0.914418889731169 0.96095882959431 0.986842596456409 -1.02772373147309 -0.955284676998854 -0.965721758585423 -0.817572119235992 -0.94263792976737 -0.884329050406814 -0.898764609470963 -0.908517514020205 -0.892785292267799 -0.880506496578455 -0.816737183555961 -0.77195977114141 -0.822471520155668 -0.653066431879997 -0.629336410462856 -0.764461015164852 -0.596133143007755 -0.489175710678101 -0.757198459804058 -0.589920858740807 -0.572066201269627 -0.622483888566494 -0.642438170909882 -0.491557196676731 -0.578051999658346 